*
*   This is the limb-darkening table.  It must be named
*                         LDTable.dat
*   
*   The limb darkening law is the four-parameter law advocated by
*   A. Claret (2000, A&A, 363, 1081):
*
*        I(mu) / I(1) =  1 - a1*(1 - mu**(1/2))
*                          - a2*(1 - mu**(1)  )
*                          - a3*(1 - mu**(3/2))
*                          - a4*(1 - mu**(2)  )
*
*   The file has the format:
*       
*       Tmin    Tmax    deltaT    =  The minimum and maximum temperature
*                                    and the temperature spacing.
*       gmin    gmax    deltag    =  The minimum and maximum LOG g
*                                    and the spacing in log g.
*        N    filter1  filter2  filter3  filter4  ...  filterN
*        T   log(g)   lambda    a1    a2    a3    a4
*        .     .        .       .     .     .     .
*        .     .        .       .     .     .     .
*        .     .        .       .     .     .     .
*                                                         
      3500 10000 250
      2.0 5.0 0.5
   8   U  B  V  R  I  J  H  K
  2.0  3500  U   0.3947   0.9139  -1.2125   0.8271
  2.0  3500  B   0.3741   0.3931  -0.5880   0.7707
  2.0  3500  V   0.5894  -0.2634   0.3156   0.3094
  2.0  3500  R   0.8302  -0.7423   0.7616   0.0640
  2.0  3500  I   1.0046  -1.0189   1.1107  -0.2329
  2.0  3500  J   0.9917  -1.2670   1.5275  -0.5570
  2.0  3500  H   0.8192  -0.1082   0.0338  -0.0311
  2.0  3500  K   0.8073  -0.3204   0.2098  -0.0807
  2.5  3500  U   0.3960   0.8809  -1.1216   0.7728
  2.5  3500  B   0.3662   0.4265  -0.5665   0.7264
  2.5  3500  V   0.5484  -0.1456   0.1944   0.3446
  2.5  3500  R   0.7745  -0.6003   0.6025   0.1174
  2.5  3500  I   0.9333  -0.8543   0.9451  -0.1794
  2.5  3500  J   1.0273  -1.3040   1.5318  -0.5540
  2.5  3500  H   0.8532  -0.1990   0.1234  -0.0636
  2.5  3500  K   0.8241  -0.3740   0.2665  -0.1019
  3.0  3500  U   0.4470   0.6906  -0.7711   0.5666
  3.0  3500  B   0.3955   0.3438  -0.3095   0.5229
  3.0  3500  V   0.5485  -0.1748   0.3475   0.2123
  3.0  3500  R   0.7513  -0.5932   0.6841   0.0378
  3.0  3500  I   0.8845  -0.7624   0.8999  -0.1923
  3.0  3500  J   1.0571  -1.2714   1.4271  -0.5104
  3.0  3500  H   0.9303  -0.4237   0.3404  -0.1372
  3.0  3500  K   0.8843  -0.5471   0.4276  -0.1541
  3.5  3500  U   0.5487   0.3675  -0.1226   0.1372
  3.5  3500  B   0.4647   0.2597   0.1542   0.0632
  3.5  3500  V   0.5926  -0.3194   0.9019  -0.2565
  3.5  3500  R   0.7911  -0.8394   1.3121  -0.3927
  3.5  3500  I   0.8597  -0.7204   1.0123  -0.3378
  3.5  3500  J   1.1355  -1.1840   1.0907  -0.3622
  3.5  3500  H   1.1436  -1.0986   0.9657  -0.3403
  3.5  3500  K   1.0607  -1.1209   0.9695  -0.3356
  4.0  3500  U   0.5963   0.3700  -0.0679   0.0203
  4.0  3500  B   0.4865   0.5361  -0.1039   0.0042
  4.0  3500  V   0.5210   0.1431   0.4999  -0.2723
  4.0  3500  R   0.7101  -0.5307   1.1815  -0.5100
  4.0  3500  I   0.7917  -0.4103   0.7192  -0.3091
  4.0  3500  J   1.2929  -1.4114   1.1415  -0.3689
  4.0  3500  H   1.3936  -1.8288   1.5657  -0.5278
  4.0  3500  K   1.2392  -1.6772   1.4370  -0.4848
  4.5  3500  U   0.5905   0.4377  -0.1395   0.0121
  4.5  3500  B   0.4563   0.8761  -0.5892   0.1612
  4.5  3500  V   0.4185   0.7041  -0.2195  -0.0351
  4.5  3500  R   0.5739   0.0357   0.5455  -0.3251
  4.5  3500  I   0.6969   0.0111   0.2024  -0.1381
  4.5  3500  J   1.4314  -1.6726   1.2901  -0.4025
  4.5  3500  H   1.5094  -2.2306   1.9466  -0.6644
  4.5  3500  K   1.3194  -1.9829   1.7351  -0.5925
  5.0  3500  U   0.6245   0.2291   0.1104  -0.0845
  5.0  3500  B   0.4517   0.9449  -0.7210   0.2118
  5.0  3500  V   0.3602   1.0624  -0.7454   0.1733
  5.0  3500  R   0.4579   0.5563  -0.1213  -0.0784
  5.0  3500  I   0.6238   0.3607  -0.2680   0.0422
  5.0  3500  J   1.5031  -1.8238   1.3918  -0.4279
  5.0  3500  H   1.5430  -2.3839   2.1062  -0.7230
  5.0  3500  K   1.3467  -2.1165   1.8827  -0.6494
  2.0  3750  U   0.5370   0.5069  -1.1736   1.0661
  2.0  3750  B   0.4891  -0.3286   0.4457   0.3310
  2.0  3750  V   0.7723  -1.0582   1.5544  -0.3220
  2.0  3750  R   0.9961  -1.5185   2.0775  -0.6179
  2.0  3750  I   1.1639  -1.7459   2.2120  -0.7574
  2.0  3750  J   0.7034  -0.6066   0.9569  -0.3824
  2.0  3750  H   0.8099   0.0045  -0.1597   0.0537
  2.0  3750  K   0.8115  -0.2578   0.0860  -0.0241
  2.5  3750  U   0.5805   0.3086  -0.8599   0.9056
  2.5  3750  B   0.5167  -0.3514   0.4700   0.3057
  2.5  3750  V   0.7616  -1.0143   1.4871  -0.2940
  2.5  3750  R   0.9696  -1.4800   2.0138  -0.5801
  2.5  3750  I   1.1128  -1.6493   2.0961  -0.7031
  2.5  3750  J   0.7276  -0.6636   1.0021  -0.3963
  2.5  3750  H   0.8143  -0.0170  -0.1344   0.0431
  2.5  3750  K   0.8001  -0.2496   0.0885  -0.0277
  3.0  3750  U   0.6223   0.1444  -0.5656   0.7302
  3.0  3750  B   0.5390  -0.3540   0.4821   0.2743
  3.0  3750  V   0.7410  -0.9437   1.3997  -0.2648
  3.0  3750  R   0.9301  -1.3965   1.9045  -0.5297
  3.0  3750  I   1.0519  -1.5105   1.9331  -0.6341
  3.0  3750  J   0.7488  -0.6937   1.0085  -0.3942
  3.0  3750  H   0.8280  -0.0615  -0.0885   0.0256
  3.0  3750  K   0.7995  -0.2560   0.0926  -0.0279
  3.5  3750  U   0.6971  -0.1266  -0.0393   0.3957
  3.5  3750  B   0.5567  -0.3137   0.5392   0.1533
  3.5  3750  V   0.7037  -0.7890   1.2920  -0.2883
  3.5  3750  R   0.8723  -1.2388   1.7880  -0.5309
  3.5  3750  I   0.9711  -1.2840   1.7123  -0.5778
  3.5  3750  J   0.7702  -0.6331   0.8469  -0.3200
  3.5  3750  H   0.9003  -0.3030   0.1621  -0.0629
  3.5  3750  K   0.8616  -0.4592   0.2999  -0.1006
  4.0  3750  U   0.7730  -0.3924   0.6374  -0.1013
  4.0  3750  B   0.5474  -0.0226   0.4374  -0.0466
  4.0  3750  V   0.6000  -0.2262   0.7884  -0.2731
  4.0  3750  R   0.7369  -0.6886   1.3193  -0.5061
  4.0  3750  I   0.8300  -0.7206   1.1286  -0.4456
  4.0  3750  J   0.8689  -0.5768   0.5056  -0.1538
  4.0  3750  H   1.1078  -0.9997   0.8480  -0.2946
  4.0  3750  K   1.0406  -1.0593   0.8903  -0.3029
  4.5  3750  U   0.7696  -0.2644   0.6176  -0.2229
  4.5  3750  B   0.5424   0.4013  -0.0548   0.0062
  4.5  3750  V   0.5088   0.4865  -0.1189  -0.0159
  4.5  3750  R   0.5804   0.1466   0.3075  -0.2037
  4.5  3750  I   0.7101  -0.0557   0.2654  -0.1557
  4.5  3750  J   1.0564  -0.8488   0.5733  -0.1573
  4.5  3750  H   1.3386  -1.6986   1.4512  -0.4883
  4.5  3750  K   1.2114  -1.6069   1.3762  -0.4636
  5.0  3750  U   0.7353  -0.0925   0.4120  -0.1749
  5.0  3750  B   0.5355   0.6948  -0.5157   0.1644
  5.0  3750  V   0.4582   0.9730  -0.8614   0.2713
  5.0  3750  R   0.4744   0.7927  -0.6064   0.1484
  5.0  3750  I   0.6361   0.4308  -0.4564   0.1341
  5.0  3750  J   1.2240  -1.1951   0.8159  -0.2294
  5.0  3750  H   1.4588  -2.0997   1.8154  -0.6152
  5.0  3750  K   1.2946  -1.9137   1.6670  -0.5672
  2.0  4000  U   0.3571   0.7317  -1.4361   1.2981
  2.0  4000  B   0.4076  -0.3211   0.7224   0.1233
  2.0  4000  V   0.7189  -0.9735   1.6462  -0.4592
  2.0  4000  R   0.9842  -1.3902   2.0219  -0.6885
  2.0  4000  I   1.1682  -1.6745   2.1444  -0.7748
  2.0  4000  J   0.6767  -0.4893   0.8611  -0.3717
  2.0  4000  H   0.8313  -0.0134  -0.2021   0.0813
  2.0  4000  K   0.8310  -0.2929   0.0891  -0.0194
  2.5  4000  U   0.4948   0.3279  -0.9457   1.0771
  2.5  4000  B   0.4817  -0.4944   0.9005   0.0520
  2.5  4000  V   0.7309  -0.9971   1.6528  -0.4567
  2.5  4000  R   0.9383  -1.3247   1.9753  -0.6724
  2.5  4000  I   1.0837  -1.5175   2.0097  -0.7289
  2.5  4000  J   0.6511  -0.4413   0.8094  -0.3505
  2.5  4000  H   0.8267  -0.0116  -0.1946   0.0749
  2.5  4000  K   0.8124  -0.2608   0.0654  -0.0127
  3.0  4000  U   0.6217  -0.0313  -0.4840   0.8462
  3.0  4000  B   0.5389  -0.6131   1.0116   0.0046
  3.0  4000  V   0.7287  -0.9902   1.6303  -0.4451
  3.0  4000  R   0.8926  -1.2670   1.9383  -0.6596
  3.0  4000  I   1.0085  -1.3880   1.9041  -0.6934
  3.0  4000  J   0.6281  -0.3893   0.7458  -0.3229
  3.0  4000  H   0.8219  -0.0070  -0.1943   0.0729
  3.0  4000  K   0.7984  -0.2363   0.0457  -0.0064
  3.5  4000  U   0.7353  -0.3497  -0.0411   0.6013
  3.5  4000  B   0.5849  -0.6947   1.0914  -0.0424
  3.5  4000  V   0.7224  -0.9763   1.6132  -0.4443
  3.5  4000  R   0.8531  -1.2261   1.9239  -0.6590
  3.5  4000  I   0.9458  -1.2888   1.8316  -0.6723
  3.5  4000  J   0.6132  -0.3517   0.6997  -0.3053
  3.5  4000  H   0.8236  -0.0098  -0.1995   0.0769
  3.5  4000  K   0.7919  -0.2187   0.0226   0.0033
  4.0  4000  U   0.8430  -0.6911   0.5706   0.2124
  4.0  4000  B   0.5899  -0.5786   0.9998  -0.0832
  4.0  4000  V   0.6669  -0.7042   1.3025  -0.3672
  4.0  4000  R   0.7643  -0.9159   1.5849  -0.5604
  4.0  4000  I   0.8438  -0.9571   1.4615  -0.5517
  4.0  4000  J   0.6127  -0.2240   0.4450  -0.1871
  4.0  4000  H   0.9024  -0.2875   0.1037  -0.0344
  4.0  4000  K   0.8666  -0.4687   0.2871  -0.0921
  4.5  4000  U   0.8923  -0.8461   1.1308  -0.2579
  4.5  4000  B   0.5500  -0.1000   0.5403  -0.0849
  4.5  4000  V   0.5647   0.0183   0.4043  -0.1170
  4.5  4000  R   0.6104  -0.0661   0.5050  -0.2067
  4.5  4000  I   0.7004  -0.1923   0.4482  -0.1883
  4.5  4000  J   0.7374  -0.2453   0.1731  -0.0344
  4.5  4000  H   1.1022  -0.9836   0.8196  -0.2838
  4.5  4000  K   1.0417  -1.0633   0.8862  -0.2998
  5.0  4000  U   0.8503  -0.5938   0.9736  -0.3299
  5.0  4000  B   0.5663   0.2992   0.0152   0.0076
  5.0  4000  V   0.5728   0.5016  -0.3462   0.1230
  5.0  4000  R   0.5766   0.5481  -0.4439   0.1404
  5.0  4000  I   0.6895   0.2663  -0.3229   0.1163
  5.0  4000  J   0.9669  -0.6359   0.3642  -0.0790
  5.0  4000  H   1.3034  -1.6190   1.3870  -0.4672
  5.0  4000  K   1.1914  -1.5550   1.3304  -0.4465
  2.0  4250  U   0.3120   0.5520  -0.9508   1.0519
  2.0  4250  B   0.3721  -0.2403   0.8200  -0.0216
  2.0  4250  V   0.6744  -0.8610   1.6509  -0.5491
  2.0  4250  R   0.9810  -1.4032   2.0887  -0.7663
  2.0  4250  I   1.1627  -1.7168   2.2215  -0.8312
  2.0  4250  J   0.7263  -0.5458   0.8911  -0.3951
  2.0  4250  H   0.8417  -0.0576  -0.2001   0.0911
  2.0  4250  K   0.8293  -0.3213   0.0990  -0.0182
  2.5  4250  U   0.4286   0.2278  -0.5792   0.8933
  2.5  4250  B   0.4633  -0.4830   1.0894  -0.1282
  2.5  4250  V   0.7156  -0.9652   1.7412  -0.5732
  2.5  4250  R   0.9589  -1.3571   2.0361  -0.7424
  2.5  4250  I   1.1041  -1.5841   2.0856  -0.7791
  2.5  4250  J   0.6995  -0.5083   0.8636  -0.3848
  2.5  4250  H   0.8302  -0.0365  -0.2080   0.0887
  2.5  4250  K   0.8115  -0.2921   0.0836  -0.0162
  3.0  4250  U   0.5417  -0.0600  -0.2544   0.7445
  3.0  4250  B   0.5302  -0.6536   1.2650  -0.1948
  3.0  4250  V   0.7295  -0.9947   1.7474  -0.5652
  3.0  4250  R   0.9198  -1.2693   1.9439  -0.7055
  3.0  4250  I   1.0374  -1.4295   1.9289  -0.7206
  3.0  4250  J   0.6720  -0.4578   0.8143  -0.3647
  3.0  4250  H   0.8211  -0.0219  -0.2114   0.0859
  3.0  4250  K   0.7971  -0.2695   0.0739  -0.0163
  3.5  4250  U   0.6608  -0.3531   0.0870   0.5738
  3.5  4250  B   0.5838  -0.7886   1.4008  -0.2486
  3.5  4250  V   0.7301  -0.9964   1.7328  -0.5543
  3.5  4250  R   0.8717  -1.1670   1.8444  -0.6683
  3.5  4250  I   0.9689  -1.2761   1.7784  -0.6656
  3.5  4250  J   0.6446  -0.4046   0.7630  -0.3452
  3.5  4250  H   0.8116   0.0033  -0.2353   0.0932
  3.5  4250  K   0.7817  -0.2322   0.0382  -0.0038
  4.0  4250  U   0.7799  -0.6369   0.4271   0.3898
  4.0  4250  B   0.6267  -0.8875   1.4967  -0.2927
  4.0  4250  V   0.7206  -0.9754   1.7056  -0.5467
  4.0  4250  R   0.8184  -1.0625   1.7608  -0.6453
  4.0  4250  I   0.8991  -1.1281   1.6469  -0.6235
  4.0  4250  J   0.6072  -0.3096   0.6590  -0.3058
  4.0  4250  H   0.8112   0.0141  -0.2588   0.1053
  4.0  4250  K   0.7756  -0.2064   0.0028   0.0108
  4.5  4250  U   0.8898  -0.9313   0.9105   0.0772
  4.5  4250  B   0.6164  -0.7340   1.3214  -0.2739
  4.5  4250  V   0.6562  -0.6683   1.3209  -0.4208
  4.5  4250  R   0.7131  -0.6674   1.2893  -0.4807
  4.5  4250  I   0.7870  -0.7383   1.1886  -0.4604
  4.5  4250  J   0.5825  -0.1294   0.3569  -0.1693
  4.5  4250  H   0.8965  -0.2724   0.0566  -0.0126
  4.5  4250  K   0.8532  -0.4481   0.2481  -0.0739
  5.0  4250  U   0.9128  -0.9774   1.2586  -0.2670
  5.0  4250  B   0.5459  -0.1608   0.6465  -0.1244
  5.0  4250  V   0.5634   0.0420   0.3480  -0.0894
  5.0  4250  R   0.5966   0.1165   0.1815  -0.0645
  5.0  4250  I   0.6767  -0.0394   0.1865  -0.0696
  5.0  4250  J   0.6917  -0.1222   0.0552   0.0040
  5.0  4250  H   1.0996  -0.9775   0.8060  -0.2811
  5.0  4250  K   1.0380  -1.0581   0.8756  -0.2954
  2.0  4500  U   0.4449  -0.0536   0.0354   0.5477
  2.0  4500  B   0.4063  -0.2940   0.9834  -0.1696
  2.0  4500  V   0.6223  -0.6643   1.4952  -0.5585
  2.0  4500  R   0.8403  -1.0414   1.7452  -0.6834
  2.0  4500  I   1.0069  -1.3527   1.8705  -0.7282
  2.0  4500  J   0.7371  -0.5064   0.7901  -0.3585
  2.0  4500  H   0.8421  -0.1009  -0.1890   0.0967
  2.0  4500  K   0.8170  -0.3437   0.1115  -0.0193
  2.5  4500  U   0.5346  -0.3021   0.3131   0.4343
  2.5  4500  B   0.4908  -0.5346   1.2703  -0.2889
  2.5  4500  V   0.6661  -0.8038   1.6462  -0.6097
  2.5  4500  R   0.8359  -1.0526   1.7581  -0.6834
  2.5  4500  I   0.9695  -1.2797   1.7958  -0.6969
  2.5  4500  J   0.7085  -0.4772   0.7866  -0.3608
  2.5  4500  H   0.8204  -0.0541  -0.2184   0.1004
  2.5  4500  K   0.8008  -0.3279   0.1223  -0.0311
  3.0  4500  U   0.6132  -0.4875   0.5004   0.3557
  3.0  4500  B   0.5515  -0.7064   1.4681  -0.3696
  3.0  4500  V   0.6881  -0.8777   1.7179  -0.6293
  3.0  4500  R   0.8209  -1.0318   1.7380  -0.6730
  3.0  4500  I   0.9300  -1.1952   1.7100  -0.6633
  3.0  4500  J   0.6782  -0.4291   0.7511  -0.3486
  3.0  4500  H   0.8050  -0.0211  -0.2389   0.1029
  3.0  4500  K   0.7817  -0.2908   0.0974  -0.0254
  3.5  4500  U   0.6889  -0.6417   0.6445   0.2883
  3.5  4500  B   0.5966  -0.8329   1.6072  -0.4252
  3.5  4500  V   0.7001  -0.9213   1.7530  -0.6346
  3.5  4500  R   0.8013  -0.9948   1.6988  -0.6552
  3.5  4500  I   0.8922  -1.1108   1.6238  -0.6299
  3.5  4500  J   0.6550  -0.3949   0.7283  -0.3412
  3.5  4500  H   0.7918   0.0094  -0.2605   0.1070
  3.5  4500  K   0.7645  -0.2530   0.0665  -0.0161
  4.0  4500  U   0.7685  -0.7928   0.7868   0.2116
  4.0  4500  B   0.6342  -0.9379   1.7197  -0.4715
  4.0  4500  V   0.7077  -0.9534   1.7813  -0.6420
  4.0  4500  R   0.7831  -0.9699   1.6877  -0.6549
  4.0  4500  I   0.8588  -1.0435   1.5656  -0.6112
  4.0  4500  J   0.6300  -0.3488   0.6916  -0.3301
  4.0  4500  H   0.7807   0.0482  -0.3069   0.1254
  4.0  4500  K   0.7460  -0.1955   0.0010   0.0095
  4.5  4500  U   0.8552  -0.9674   0.9672   0.1092
  4.5  4500  B   0.6640  -1.0186   1.8021  -0.5075
  4.5  4500  V   0.7035  -0.9473   1.7665  -0.6347
  4.5  4500  R   0.7527  -0.9045   1.6315  -0.6386
  4.5  4500  I   0.8186  -0.9540   1.4853  -0.5860
  4.5  4500  J   0.6006  -0.2759   0.6151  -0.3017
  4.5  4500  H   0.7782   0.0671  -0.3356   0.1377
  4.5  4500  K   0.7391  -0.1666  -0.0369   0.0252
  5.0  4500  U   0.9271  -1.1224   1.2018  -0.0576
  5.0  4500  B   0.6366  -0.8454   1.5798  -0.4437
  5.0  4500  V   0.6373  -0.6538   1.3900  -0.4985
  5.0  4500  R   0.6612  -0.5436   1.1870  -0.4751
  5.0  4500  I   0.7249  -0.6112   1.0742  -0.4358
  5.0  4500  J   0.5662  -0.0830   0.3162  -0.1690
  5.0  4500  H   0.8628  -0.1916  -0.0624   0.0385
  5.0  4500  K   0.8122  -0.3746   0.1659  -0.0429
  2.0  4750  U   0.5440  -0.5504   0.9105   0.0665
  2.0  4750  B   0.4500  -0.3872   1.1623  -0.3067
  2.0  4750  V   0.6144  -0.5658   1.3947  -0.5669
  2.0  4750  R   0.7843  -0.8518   1.5464  -0.6437
  2.0  4750  I   0.9415  -1.1789   1.7028  -0.6930
  2.0  4750  J   0.7280  -0.4506   0.6767  -0.3136
  2.0  4750  H   0.8292  -0.1237  -0.1911   0.1061
  2.0  4750  K   0.7875  -0.3300   0.0888  -0.0068
  2.5  4750  U   0.6124  -0.7513   1.1464  -0.0310
  2.5  4750  B   0.5244  -0.5988   1.4310  -0.4275
  2.5  4750  V   0.6539  -0.6962   1.5532  -0.6294
  2.5  4750  R   0.7859  -0.8842   1.5919  -0.6595
  2.5  4750  I   0.9128  -1.1306   1.6560  -0.6721
  2.5  4750  J   0.7055  -0.4271   0.6803  -0.3207
  2.5  4750  H   0.8032  -0.0538  -0.2552   0.1258
  2.5  4750  K   0.7693  -0.3040   0.0870  -0.0140
  3.0  4750  U   0.6763  -0.9056   1.2951  -0.0866
  3.0  4750  B   0.5765  -0.7526   1.6235  -0.5123
  3.0  4750  V   0.6699  -0.7671   1.6405  -0.6607
  3.0  4750  R   0.7707  -0.8696   1.5838  -0.6541
  3.0  4750  I   0.8753  -1.0556   1.5816  -0.6420
  3.0  4750  J   0.6750  -0.3766   0.6476  -0.3116
  3.0  4750  H   0.7872  -0.0148  -0.2795   0.1278
  3.0  4750  K   0.7523  -0.2732   0.0735  -0.0147
  3.5  4750  U   0.7315  -1.0066   1.3564  -0.1033
  3.5  4750  B   0.6101  -0.8551   1.7461  -0.5639
  3.5  4750  V   0.6723  -0.7990   1.6748  -0.6670
  3.5  4750  R   0.7488  -0.8332   1.5478  -0.6366
  3.5  4750  I   0.8374  -0.9748   1.4981  -0.6078
  3.5  4750  J   0.6464  -0.3284   0.6138  -0.3009
  3.5  4750  H   0.7735   0.0110  -0.2877   0.1247
  3.5  4750  K   0.7371  -0.2455   0.0586  -0.0124
  4.0  4750  U   0.7842  -1.0777   1.3758  -0.1091
  4.0  4750  B   0.6329  -0.9253   1.8300  -0.6013
  4.0  4750  V   0.6753  -0.8347   1.7218  -0.6840
  4.0  4750  R   0.7308  -0.8113   1.5399  -0.6365
  4.0  4750  I   0.8085  -0.9220   1.4552  -0.5941
  4.0  4750  J   0.6213  -0.2860   0.5868  -0.2947
  4.0  4750  H   0.7591   0.0562  -0.3356   0.1420
  4.0  4750  K   0.7167  -0.1873  -0.0018   0.0097
  4.5  4750  U   0.8388  -1.1395   1.3791  -0.1136
  4.5  4750  B   0.6535  -0.9904   1.9016  -0.6312
  4.5  4750  V   0.6748  -0.8546   1.7413  -0.6868
  4.5  4750  R   0.7114  -0.7818   1.5221  -0.6321
  4.5  4750  I   0.7785  -0.8594   1.3976  -0.5737
  4.5  4750  J   0.5960  -0.2356   0.5446  -0.2809
  4.5  4750  H   0.7491   0.0881  -0.3674   0.1524
  4.5  4750  K   0.7031  -0.1446  -0.0477   0.0268
  5.0  4750  U   0.8949  -1.2126   1.4121  -0.1413
  5.0  4750  B   0.6678  -1.0322   1.9417  -0.6490
  5.0  4750  V   0.6708  -0.8579   1.7455  -0.6882
  5.0  4750  R   0.6907  -0.7411   1.4936  -0.6269
  5.0  4750  I   0.7507  -0.7980   1.3447  -0.5581
  5.0  4750  J   0.5736  -0.1804   0.4901  -0.2620
  5.0  4750  H   0.7468   0.1109  -0.4017   0.1669
  5.0  4750  K   0.6944  -0.1082  -0.0951   0.0464
  2.0  5000  U   0.5786  -0.8024   1.4930  -0.3135
  2.0  5000  B   0.4325  -0.2984   1.1173  -0.3494
  2.0  5000  V   0.5641  -0.3377   1.1203  -0.4946
  2.0  5000  R   0.7316  -0.6421   1.2949  -0.5747
  2.0  5000  I   0.8853  -1.0015   1.5138  -0.6489
  2.0  5000  J   0.6636  -0.2429   0.3891  -0.1974
  2.0  5000  H   0.8194  -0.1416  -0.2106   0.1260
  2.0  5000  K   0.7429  -0.2506  -0.0242   0.0454
  2.5  5000  U   0.6341  -0.9718   1.7005  -0.3980
  2.5  5000  B   0.5155  -0.5352   1.4248  -0.4904
  2.5  5000  V   0.6247  -0.5342   1.3668  -0.5969
  2.5  5000  R   0.7570  -0.7518   1.4399  -0.6329
  2.5  5000  I   0.8809  -1.0301   1.5606  -0.6654
  2.5  5000  J   0.6620  -0.2796   0.4651  -0.2349
  2.5  5000  H   0.7837  -0.0451  -0.3021   0.1557
  2.5  5000  K   0.7176  -0.2116  -0.0322   0.0377
  3.0  5000  U   0.6924  -1.1305   1.8687  -0.4604
  3.0  5000  B   0.5738  -0.7077   1.6481  -0.5922
  3.0  5000  V   0.6560  -0.6486   1.5124  -0.6555
  3.0  5000  R   0.7592  -0.7882   1.4937  -0.6529
  3.0  5000  I   0.8612  -1.0045   1.5395  -0.6541
  3.0  5000  J   0.6531  -0.2857   0.4980  -0.2529
  3.0  5000  H   0.7639   0.0010  -0.3311   0.1589
  3.0  5000  K   0.7052  -0.2006  -0.0182   0.0251
  3.5  5000  U   0.7435  -1.2427   1.9481  -0.4773
  3.5  5000  B   0.6092  -0.8163   1.7857  -0.6530
  3.5  5000  V   0.6650  -0.7009   1.5809  -0.6798
  3.5  5000  R   0.7448  -0.7726   1.4833  -0.6457
  3.5  5000  I   0.8301  -0.9395   1.4697  -0.6229
  3.5  5000  J   0.6385  -0.2713   0.5031  -0.2584
  3.5  5000  H   0.7513   0.0212  -0.3276   0.1492
  3.5  5000  K   0.7015  -0.2143   0.0238   0.0017
  4.0  5000  U   0.7843  -1.2923   1.9233  -0.4468
  4.0  5000  B   0.6285  -0.8766   1.8590  -0.6853
  4.0  5000  V   0.6607  -0.7158   1.6063  -0.6873
  4.0  5000  R   0.7240  -0.7396   1.4586  -0.6358
  4.0  5000  I   0.7995  -0.8780   1.4112  -0.5997
  4.0  5000  J   0.6163  -0.2300   0.4740  -0.2498
  4.0  5000  H   0.7428   0.0427  -0.3382   0.1489
  4.0  5000  K   0.6870  -0.1765  -0.0090   0.0122
  4.5  5000  U   0.8243  -1.3215   1.8640  -0.4051
  4.5  5000  B   0.6410  -0.9192   1.9071  -0.7052
  4.5  5000  V   0.6564  -0.7342   1.6359  -0.6963
  4.5  5000  R   0.7034  -0.7085   1.4387  -0.6291
  4.5  5000  I   0.7707  -0.8202   1.3583  -0.5796
  4.5  5000  J   0.5936  -0.1872   0.4442  -0.2418
  4.5  5000  H   0.7329   0.0714  -0.3601   0.1537
  4.5  5000  K   0.6742  -0.1381  -0.0473   0.0260
  5.0  5000  U   0.8635  -1.3446   1.8090  -0.3766
  5.0  5000  B   0.6504  -0.9547   1.9525  -0.7284
  5.0  5000  V   0.6522  -0.7509   1.6679  -0.7106
  5.0  5000  R   0.6831  -0.6741   1.4203  -0.6277
  5.0  5000  I   0.7436  -0.7641   1.3118  -0.5657
  5.0  5000  J   0.5697  -0.1309   0.3929  -0.2249
  5.0  5000  H   0.7262   0.1060  -0.4029   0.1698
  5.0  5000  K   0.6630  -0.0941  -0.0991   0.0456
  2.0  5250  U   0.5128  -0.6837   1.5892  -0.4917
  2.0  5250  B   0.3507   0.0064   0.7795  -0.2575
  2.0  5250  V   0.4641   0.0748   0.5752  -0.2899
  2.0  5250  R   0.6300  -0.2530   0.7847  -0.3820
  2.0  5250  I   0.7820  -0.6446   1.0667  -0.4855
  2.0  5250  J   0.5998  -0.0061   0.0367  -0.0441
  2.0  5250  H   0.8380  -0.2502  -0.1227   0.1039
  2.0  5250  K   0.7233  -0.2364  -0.0687   0.0729
  2.5  5250  U   0.5807  -0.8815   1.8391  -0.5961
  2.5  5250  B   0.4430  -0.2498   1.1134  -0.4129
  2.5  5250  V   0.5406  -0.1833   0.9153  -0.4385
  2.5  5250  R   0.6781  -0.4510   1.0583  -0.5008
  2.5  5250  I   0.8033  -0.7707   1.2497  -0.5630
  2.5  5250  J   0.5964  -0.0501   0.1366  -0.0965
  2.5  5250  H   0.7811  -0.0855  -0.2953   0.1663
  2.5  5250  K   0.6759  -0.1306  -0.1533   0.0956
  3.0  5250  U   0.6451  -1.0658   2.0524  -0.6790
  3.0  5250  B   0.5132  -0.4539   1.3837  -0.5399
  3.0  5250  V   0.5919  -0.3630   1.1524  -0.5412
  3.0  5250  R   0.7042  -0.5647   1.2141  -0.5665
  3.0  5250  I   0.8081  -0.8246   1.3304  -0.5953
  3.0  5250  J   0.5985  -0.0937   0.2196  -0.1371
  3.0  5250  H   0.7503  -0.0040  -0.3676   0.1876
  3.0  5250  K   0.6554  -0.0998  -0.1568   0.0878
  3.5  5250  U   0.7066  -1.2350   2.2150  -0.7279
  3.5  5250  B   0.5679  -0.6273   1.6106  -0.6421
  3.5  5250  V   0.6265  -0.4985   1.3311  -0.6148
  3.5  5250  R   0.7169  -0.6347   1.3101  -0.6036
  3.5  5250  I   0.8036  -0.8413   1.3582  -0.6027
  3.5  5250  J   0.6038  -0.1436   0.3080  -0.1790
  3.5  5250  H   0.7266   0.0470  -0.3927   0.1864
  3.5  5250  K   0.6503  -0.1197  -0.0952   0.0524
  4.0  5250  U   0.7577  -1.3498   2.2752  -0.7231
  4.0  5250  B   0.6037  -0.7436   1.7544  -0.7025
  4.0  5250  V   0.6421  -0.5732   1.4284  -0.6508
  4.0  5250  R   0.7143  -0.6518   1.3380  -0.6112
  4.0  5250  I   0.7892  -0.8215   1.3401  -0.5912
  4.0  5250  J   0.6015  -0.1610   0.3495  -0.1989
  4.0  5250  H   0.7167   0.0613  -0.3805   0.1726
  4.0  5250  K   0.6489  -0.1342  -0.0546   0.0301
  4.5  5250  U   0.7996  -1.4150   2.2632  -0.6911
  4.5  5250  B   0.6196  -0.7948   1.8172  -0.7303
  4.5  5250  V   0.6395  -0.5882   1.4570  -0.6622
  4.5  5250  R   0.6983  -0.6235   1.3181  -0.6045
  4.5  5250  I   0.7659  -0.7708   1.2912  -0.5717
  4.5  5250  J   0.5893  -0.1371   0.3362  -0.1966
  4.5  5250  H   0.7138   0.0708  -0.3802   0.1687
  4.5  5250  K   0.6434  -0.1159  -0.0696   0.0343
  5.0  5250  U   0.8370  -1.4484   2.2028  -0.6419
  5.0  5250  B   0.6265  -0.8189   1.8487  -0.7471
  5.0  5250  V   0.6309  -0.5891   1.4746  -0.6717
  5.0  5250  R   0.6779  -0.5840   1.2913  -0.5983
  5.0  5250  I   0.7407  -0.7168   1.2449  -0.5564
  5.0  5250  J   0.5696  -0.0861   0.2880  -0.1800
  5.0  5250  H   0.7105   0.0924  -0.4037   0.1764
  5.0  5250  K   0.6348  -0.0773  -0.1173   0.0535
  2.0  5500  U   0.3645  -0.2093   1.1760  -0.4413
  2.0  5500  B   0.2461   0.4141   0.2734  -0.0785
  2.0  5500  V   0.3690   0.5173  -0.0643  -0.0237
  2.0  5500  R   0.5281   0.1833   0.1610  -0.1217
  2.0  5500  I   0.6726  -0.2233   0.4857  -0.2477
  2.0  5500  J   0.5736   0.1394  -0.2339   0.0856
  2.0  5500  H   0.8782  -0.4341   0.0602   0.0420
  2.0  5500  K   0.7270  -0.2867  -0.0442   0.0739
  2.5  5500  U   0.4442  -0.4213   1.4451  -0.5577
  2.5  5500  B   0.3348   0.1941   0.5569  -0.2156
  2.5  5500  V   0.4351   0.2881   0.2571  -0.1729
  2.5  5500  R   0.5689  -0.0054   0.4472  -0.2553
  2.5  5500  I   0.6933  -0.3671   0.7193  -0.3564
  2.5  5500  J   0.5477   0.1628  -0.2055   0.0583
  2.5  5500  H   0.8096  -0.2190  -0.1818   0.1351
  2.5  5500  K   0.6572  -0.1004  -0.2290   0.1380
  3.0  5500  U   0.5293  -0.6747   1.7545  -0.6827
  3.0  5500  B   0.4166  -0.0458   0.8801  -0.3697
  3.0  5500  V   0.5003   0.0448   0.5945  -0.3249
  3.0  5500  R   0.6148  -0.2047   0.7308  -0.3810
  3.0  5500  I   0.7221  -0.5170   0.9363  -0.4501
  3.0  5500  J   0.5465   0.1134  -0.0990   0.0032
  3.0  5500  H   0.7548  -0.0635  -0.3388   0.1899
  3.0  5500  K   0.6233  -0.0369  -0.2594   0.1372
  3.5  5500  U   0.6133  -0.9406   2.0556  -0.7903
  3.5  5500  B   0.4906  -0.2927   1.2139  -0.5224
  3.5  5500  V   0.5596  -0.1915   0.9190  -0.4659
  3.5  5500  R   0.6564  -0.3881   0.9842  -0.4880
  3.5  5500  I   0.7465  -0.6411   1.1066  -0.5179
  3.5  5500  J   0.5577   0.0271   0.0506  -0.0686
  3.5  5500  H   0.7104   0.0502  -0.4314   0.2133
  3.5  5500  K   0.6048  -0.0230  -0.2270   0.1103
  4.0  5500  U   0.6825  -1.1486   2.2583  -0.8480
  4.0  5500  B   0.5443  -0.4740   1.4503  -0.6261
  4.0  5500  V   0.5952  -0.3355   1.1112  -0.5455
  4.0  5500  R   0.6753  -0.4738   1.0984  -0.5324
  4.0  5500  I   0.7530  -0.6862   1.1672  -0.5384
  4.0  5500  J   0.5679  -0.0344   0.1510  -0.1148
  4.0  5500  H   0.6953   0.0753  -0.4254   0.1999
  4.0  5500  K   0.6052  -0.0534  -0.1590   0.0745
  4.5  5500  U   0.7360  -1.2875   2.3528  -0.8559
  4.5  5500  B   0.5731  -0.5664   1.5672  -0.6777
  4.5  5500  V   0.6063  -0.3868   1.1838  -0.5761
  4.5  5500  R   0.6742  -0.4822   1.1161  -0.5393
  4.5  5500  I   0.7451  -0.6743   1.1587  -0.5332
  4.5  5500  J   0.5693  -0.0471   0.1760  -0.1261
  4.5  5500  H   0.6959   0.0671  -0.3985   0.1841
  4.5  5500  K   0.6061  -0.0583  -0.1455   0.0676
  5.0  5500  U   0.7815  -1.3796   2.3727  -0.8324
  5.0  5500  B   0.5877  -0.6127   1.6277  -0.7072
  5.0  5500  V   0.6038  -0.3959   1.2105  -0.5907
  5.0  5500  R   0.6627  -0.4587   1.1037  -0.5385
  5.0  5500  I   0.7288  -0.6362   1.1255  -0.5218
  5.0  5500  J   0.5618  -0.0258   0.1606  -0.1228
  5.0  5500  H   0.6962   0.0745  -0.4013   0.1825
  5.0  5500  K   0.6082  -0.0576  -0.1441   0.0659
  2.0  5750  U   0.2012   0.4396   0.4394  -0.2253
  2.0  5750  B   0.1673   0.7708  -0.1978   0.0956
  2.0  5750  V   0.3204   0.8272  -0.5717   0.2022
  2.0  5750  R   0.4668   0.5139  -0.3687   0.1151
  2.0  5750  I   0.5943   0.1262  -0.0471  -0.0135
  2.0  5750  J   0.5811   0.1797  -0.3858   0.1713
  2.0  5750  H   0.9224  -0.6322   0.2626  -0.0279
  2.0  5750  K   0.7358  -0.3506  -0.0111   0.0743
  2.5  5750  U   0.2855   0.2201   0.7183  -0.3462
  2.5  5750  B   0.2465   0.5913   0.0298  -0.0172
  2.5  5750  V   0.3609   0.6711  -0.3258   0.0789
  2.5  5750  R   0.4839   0.3848  -0.1349  -0.0037
  2.5  5750  I   0.5997   0.0125   0.1743  -0.1251
  2.5  5750  J   0.5287   0.2837  -0.4472   0.1784
  2.5  5750  H   0.8392  -0.3636  -0.0471   0.0938
  2.5  5750  K   0.6517  -0.1150  -0.2522   0.1597
  3.0  5750  U   0.3833  -0.0806   1.0997  -0.5054
  3.0  5750  B   0.3244   0.3686   0.3328  -0.1649
  3.0  5750  V   0.4190   0.4347   0.0242  -0.0862
  3.0  5750  R   0.5285   0.1671   0.1975  -0.1584
  3.0  5750  I   0.6330  -0.1760   0.4666  -0.2586
  3.0  5750  J   0.5130   0.2695  -0.3664   0.1279
  3.0  5750  H   0.7649  -0.1387  -0.2875   0.1816
  3.0  5750  K   0.5975   0.0143  -0.3558   0.1865
  3.5  5750  U   0.4825  -0.4108   1.5039  -0.6634
  3.5  5750  B   0.4006   0.1156   0.6808  -0.3276
  3.5  5750  V   0.4769   0.1948   0.3694  -0.2432
  3.5  5750  R   0.5728  -0.0366   0.4944  -0.2911
  3.5  5750  I   0.6654  -0.3394   0.7050  -0.3621
  3.5  5750  J   0.5154   0.2073  -0.2391   0.0622
  3.5  5750  H   0.7115   0.0086  -0.4242   0.2243
  3.5  5750  K   0.5730   0.0479  -0.3448   0.1673
  4.0  5750  U   0.5612  -0.6760   1.8079  -0.7714
  4.0  5750  B   0.4583  -0.0782   0.9430  -0.4483
  4.0  5750  V   0.5213   0.0161   0.6177  -0.3527
  4.0  5750  R   0.6075  -0.1831   0.6960  -0.3769
  4.0  5750  I   0.6876  -0.4423   0.8450  -0.4183
  4.0  5750  J   0.5292   0.1277  -0.1102   0.0020
  4.0  5750  H   0.6892   0.0505  -0.4334   0.2155
  4.0  5750  K   0.5730   0.0120  -0.2635   0.1241
  4.5  5750  U   0.6326  -0.9161   2.0536  -0.8427
  4.5  5750  B   0.5071  -0.2518   1.1751  -0.5519
  4.5  5750  V   0.5550  -0.1245   0.8133  -0.4372
  4.5  5750  R   0.6297  -0.2794   0.8293  -0.4323
  4.5  5750  I   0.7007  -0.5060   0.9314  -0.4510
  4.5  5750  J   0.5401   0.0680  -0.0132  -0.0425
  4.5  5750  H   0.6785   0.0638  -0.4152   0.1982
  4.5  5750  K   0.5753  -0.0154  -0.2057   0.0944
  5.0  5750  U   0.6889  -1.0833   2.1936  -0.8707
  5.0  5750  B   0.5296  -0.3212   1.2647  -0.5938
  5.0  5750  V   0.5633  -0.1613   0.8728  -0.4664
  5.0  5750  R   0.6308  -0.2877   0.8502  -0.4442
  5.0  5750  I   0.6979  -0.5037   0.9377  -0.4550
  5.0  5750  J   0.5414   0.0642  -0.0003  -0.0505
  5.0  5750  H   0.6785   0.0707  -0.4152   0.1950
  5.0  5750  K   0.5783  -0.0199  -0.1968   0.0898
  2.0  6000  U   0.0957   0.9789  -0.2459   0.0009
  2.0  6000  B   0.1190   1.0301  -0.5413   0.2162
  2.0  6000  V   0.2875   1.0492  -0.9344   0.3611
  2.0  6000  R   0.4170   0.7722  -0.7736   0.2925
  2.0  6000  I   0.5318   0.3945  -0.4484   0.1597
  2.0  6000  J   0.5757   0.2473  -0.5479   0.2542
  2.0  6000  H   0.9368  -0.6992   0.2919  -0.0245
  2.0  6000  K   0.7166  -0.3145  -0.0919   0.1177
  2.5  6000  U   0.1767   0.7854  -0.0129  -0.0978
  2.5  6000  B   0.1961   0.8686  -0.3571   0.1290
  2.5  6000  V   0.3273   0.8998  -0.7112   0.2528
  2.5  6000  R   0.4359   0.6412  -0.5479   0.1812
  2.5  6000  I   0.5383   0.2831  -0.2393   0.0565
  2.5  6000  J   0.5293   0.3281  -0.5813   0.2508
  2.5  6000  H   0.8529  -0.4501   0.0218   0.0768
  2.5  6000  K   0.6404  -0.1182  -0.2786   0.1802
  3.0  6000  U   0.2591   0.5423   0.2965  -0.2281
  3.0  6000  B   0.2588   0.7110  -0.1522   0.0274
  3.0  6000  V   0.3610   0.7532  -0.4797   0.1380
  3.0  6000  R   0.4594   0.4961  -0.3054   0.0626
  3.0  6000  I   0.5555   0.1467  -0.0065  -0.0549
  3.0  6000  J   0.4989   0.3648  -0.5659   0.2282
  3.0  6000  H   0.7794  -0.2306  -0.2114   0.1621
  3.0  6000  K   0.5843   0.0196  -0.3942   0.2126
  3.5  6000  U   0.3474   0.2439   0.6786  -0.3846
  3.5  6000  B   0.3192   0.5267   0.1025  -0.0973
  3.5  6000  V   0.4056   0.5630  -0.1937   0.0018
  3.5  6000  R   0.4965   0.3147  -0.0295  -0.0655
  3.5  6000  I   0.5848  -0.0116   0.2359  -0.1647
  3.5  6000  J   0.4916   0.3372  -0.4812   0.1794
  3.5  6000  H   0.7256  -0.0772  -0.3597   0.2105
  3.5  6000  K   0.5554   0.0733  -0.4118   0.2059
  4.0  6000  U   0.4360  -0.0917   1.1063  -0.5531
  4.0  6000  B   0.3821   0.2992   0.4266  -0.2513
  4.0  6000  V   0.4563   0.3397   0.1365  -0.1509
  4.0  6000  R   0.5411   0.1107   0.2681  -0.1989
  4.0  6000  I   0.6212  -0.1847   0.4851  -0.2724
  4.0  6000  J   0.5003   0.2559  -0.3317   0.1054
  4.0  6000  H   0.6855   0.0187  -0.4269   0.2234
  4.0  6000  K   0.5455   0.0621  -0.3500   0.1676
  4.5  6000  U   0.5121  -0.3777   1.4419  -0.6705
  4.5  6000  B   0.4349   0.1138   0.6774  -0.3655
  4.5  6000  V   0.4927   0.1925   0.3435  -0.2432
  4.5  6000  R   0.5683  -0.0030   0.4260  -0.2664
  4.5  6000  I   0.6396  -0.2673   0.5987  -0.3180
  4.5  6000  J   0.5124   0.1908  -0.2252   0.0555
  4.5  6000  H   0.6753   0.0310  -0.4085   0.2066
  4.5  6000  K   0.5497   0.0281  -0.2836   0.1344
  5.0  6000  U   0.5712  -0.5945   1.6809  -0.7482
  5.0  6000  B   0.4614   0.0269   0.7975  -0.4241
  5.0  6000  V   0.5066   0.1348   0.4346  -0.2883
  5.0  6000  R   0.5776  -0.0408   0.4870  -0.2965
  5.0  6000  I   0.6445  -0.2927   0.6415  -0.3378
  5.0  6000  J   0.5157   0.1763  -0.1957   0.0396
  5.0  6000  H   0.6686   0.0563  -0.4276   0.2103
  5.0  6000  K   0.5490   0.0304  -0.2772   0.1290
  2.0  6250  U   0.1125   1.1744  -0.5932   0.1248
  2.0  6250  B   0.1310   1.1308  -0.7183   0.2766
  2.0  6250  V   0.3107   1.0947  -1.0840   0.4343
  2.0  6250  R   0.4209   0.8645  -0.9822   0.3924
  2.0  6250  I   0.5193   0.5186  -0.6885   0.2721
  2.0  6250  J   0.6065   0.1998  -0.5674   0.2780
  2.0  6250  H   0.9488  -0.7628   0.3337  -0.0325
  2.0  6250  K   0.7156  -0.3455  -0.0687   0.1103
  2.5  6250  U   0.1455   1.1539  -0.5833   0.1179
  2.5  6250  B   0.1834   1.0498  -0.6473   0.2430
  2.5  6250  V   0.3150   1.0610  -1.0120   0.3931
  2.5  6250  R   0.4038   0.8525  -0.9070   0.3453
  2.5  6250  I   0.4918   0.5164  -0.6119   0.2232
  2.5  6250  J   0.5361   0.3596  -0.7020   0.3184
  2.5  6250  H   0.8663  -0.5241   0.0742   0.0662
  2.5  6250  K   0.6266  -0.1063  -0.3155   0.2009
  3.0  6250  U   0.2051   0.9966  -0.3886   0.0363
  3.0  6250  B   0.2311   0.9444  -0.5197   0.1785
  3.0  6250  V   0.3358   0.9558  -0.8391   0.3060
  3.0  6250  R   0.4152   0.7436  -0.7124   0.2486
  3.0  6250  I   0.4978   0.4131  -0.4199   0.1294
  3.0  6250  J   0.4996   0.4123  -0.7058   0.3045
  3.0  6250  H   0.7958  -0.3244  -0.1292   0.1382
  3.0  6250  K   0.5758   0.0100  -0.4063   0.2247
  3.5  6250  U   0.2658   0.7754  -0.0840  -0.0946
  3.5  6250  B   0.2703   0.8245  -0.3411   0.0838
  3.5  6250  V   0.3599   0.8198  -0.6084   0.1884
  3.5  6250  R   0.4377   0.5916  -0.4563   0.1236
  3.5  6250  I   0.5196   0.2585  -0.1638   0.0088
  3.5  6250  J   0.4761   0.4217  -0.6528   0.2651
  3.5  6250  H   0.7258  -0.1268  -0.3240   0.2042
  3.5  6250  K   0.5334   0.0975  -0.4567   0.2296
  4.0  6250  U   0.3427   0.4558   0.3503  -0.2741
  4.0  6250  B   0.3256   0.6153  -0.0329  -0.0671
  4.0  6250  V   0.4065   0.6034  -0.2794   0.0328
  4.0  6250  R   0.4828   0.3742  -0.1324  -0.0239
  4.0  6250  I   0.5580   0.0661   0.1198  -0.1161
  4.0  6250  J   0.4786   0.3530  -0.5116   0.1927
  4.0  6250  H   0.6793  -0.0141  -0.4076   0.2229
  4.0  6250  K   0.5183   0.0996  -0.4082   0.1963
  4.5  6250  U   0.4098   0.1726   0.7202  -0.4191
  4.5  6250  B   0.3729   0.4440   0.2082  -0.1814
  4.5  6250  V   0.4426   0.4497  -0.0536  -0.0722
  4.5  6250  R   0.5159   0.2308   0.0738  -0.1163
  4.5  6250  I   0.5839  -0.0521   0.2890  -0.1890
  4.5  6250  J   0.4880   0.2905  -0.4022   0.1393
  4.5  6250  H   0.6607   0.0253  -0.4210   0.2186
  4.5  6250  K   0.5179   0.0778  -0.3528   0.1662
  5.0  6250  U   0.4649  -0.0595   1.0063  -0.5228
  5.0  6250  B   0.4073   0.3327   0.3574  -0.2522
  5.0  6250  V   0.4670   0.3619   0.0711  -0.1311
  5.0  6250  R   0.5360   0.1600   0.1714  -0.1602
  5.0  6250  I   0.5993  -0.1094   0.3675  -0.2220
  5.0  6250  J   0.4998   0.2449  -0.3333   0.1073
  5.0  6250  H   0.6588   0.0266  -0.4044   0.2067
  5.0  6250  K   0.5253   0.0497  -0.3074   0.1449
  2.0  6500  U   0.2879   0.7598  -0.2301   0.0050
  2.0  6500  B   0.3506   0.2143   0.5137  -0.2373
  2.0  6500  V   0.4852   0.4144  -0.2763   0.1463
  2.0  6500  R   0.5412   0.4480  -0.5697   0.2797
  2.0  6500  I   0.5955   0.3002  -0.5444   0.2649
  2.0  6500  J   0.7031  -0.1514  -0.1890   0.1516
  2.0  6500  H   0.9858  -1.0016   0.6481  -0.1551
  2.0  6500  K   0.7540  -0.5373   0.1549   0.0303
  2.5  6500  U   0.2370   1.0791  -0.6235   0.1354
  2.5  6500  B   0.2151   1.0641  -0.7090   0.2565
  2.5  6500  V   0.3449   1.0503  -1.0657   0.4217
  2.5  6500  R   0.4200   0.8779  -1.0112   0.3980
  2.5  6500  I   0.4983   0.5599  -0.7372   0.2858
  2.5  6500  J   0.5686   0.2865  -0.6694   0.3155
  2.5  6500  H   0.8568  -0.5382   0.0808   0.0652
  2.5  6500  K   0.6274  -0.1613  -0.2401   0.1661
  3.0  6500  U   0.2356   1.1327  -0.6886   0.1568
  3.0  6500  B   0.2310   1.0697  -0.7340   0.2613
  3.0  6500  V   0.3271   1.0707  -1.0516   0.4025
  3.0  6500  R   0.3922   0.8942  -0.9686   0.3639
  3.0  6500  I   0.4682   0.5663  -0.6709   0.2411
  3.0  6500  J   0.5037   0.4312  -0.7862   0.3485
  3.0  6500  H   0.7809  -0.3188  -0.1519   0.1512
  3.0  6500  K   0.5524   0.0398  -0.4438   0.2396
  3.5  6500  U   0.2710   0.9968  -0.4913   0.0702
  3.5  6500  B   0.2574   0.9803  -0.5923   0.1831
  3.5  6500  V   0.3444   0.9432  -0.8298   0.2902
  3.5  6500  R   0.4093   0.7446  -0.7106   0.2386
  3.5  6500  I   0.4825   0.4223  -0.4222   0.1237
  3.5  6500  J   0.4737   0.4491  -0.7367   0.3103
  3.5  6500  H   0.7137  -0.1427  -0.3124   0.2019
  3.5  6500  K   0.5137   0.1077  -0.4677   0.2340
  4.0  6500  U   0.3196   0.7949  -0.2169  -0.0414
  4.0  6500  B   0.3055   0.8108  -0.3539   0.0673
  4.0  6500  V   0.3868   0.7544  -0.5535   0.1619
  4.0  6500  R   0.4499   0.5513  -0.4302   0.1133
  4.0  6500  I   0.5148   0.2579  -0.1837   0.0207
  4.0  6500  J   0.4786   0.3750  -0.5961   0.2407
  4.0  6500  H   0.6858  -0.0947  -0.3203   0.1916
  4.0  6500  K   0.5089   0.0822  -0.3978   0.1967
  4.5  6500  U   0.3567   0.6047   0.0548  -0.1527
  4.5  6500  B   0.3391   0.6849  -0.1701  -0.0237
  4.5  6500  V   0.4119   0.6361  -0.3714   0.0740
  4.5  6500  R   0.4743   0.4311  -0.2494   0.0302
  4.5  6500  I   0.5350   0.1499  -0.0209  -0.0513
  4.5  6500  J   0.4789   0.3360  -0.5126   0.1977
  4.5  6500  H   0.6591  -0.0318  -0.3612   0.1988
  4.5  6500  K   0.5007   0.0824  -0.3677   0.1768
  5.0  6500  U   0.3989   0.3965   0.3368  -0.2628
  5.0  6500  B   0.3745   0.5699  -0.0170  -0.0967
  5.0  6500  V   0.4414   0.5313  -0.2270   0.0066
  5.0  6500  R   0.5027   0.3297  -0.1143  -0.0294
  5.0  6500  I   0.5574   0.0648   0.0933  -0.0994
  5.0  6500  J   0.4917   0.2814  -0.4309   0.1606
  5.0  6500  H   0.6551  -0.0305  -0.3401   0.1843
  5.0  6500  K   0.5095   0.0447  -0.3074   0.1487
  2.0  6750  U   0.4601   0.1980   0.4246  -0.2566
  2.0  6750  B   0.3558  -0.0846   1.1909  -0.6189
  2.0  6750  V   0.5384  -0.0684   0.5821  -0.2782
  2.0  6750  R   0.6123  -0.0438   0.2173  -0.0837
  2.0  6750  I   0.6724  -0.1405   0.0977  -0.0138
  2.0  6750  J   0.7196  -0.3746   0.2005  -0.0346
  2.0  6750  H   0.9105  -0.9233   0.6738  -0.1950
  2.0  6750  K   0.7474  -0.6694   0.4154  -0.0977
  2.5  6750  U   0.4057   0.6919  -0.3130   0.0433
  2.5  6750  B   0.4346   0.2006   0.4224  -0.2118
  2.5  6750  V   0.5204   0.4204  -0.3511   0.1747
  2.5  6750  R   0.5400   0.5163  -0.7018   0.3338
  2.5  6750  I   0.5704   0.4013  -0.6988   0.3284
  2.5  6750  J   0.6733  -0.0570  -0.3303   0.2127
  2.5  6750  H   0.9172  -0.8287   0.4334  -0.0670
  2.5  6750  K   0.6709  -0.3411  -0.0554   0.1077
  3.0  6750  U   0.3456   0.9417  -0.5805   0.1233
  3.0  6750  B   0.2651   1.0438  -0.7278   0.2447
  3.0  6750  V   0.3587   1.0208  -1.0300   0.3946
  3.0  6750  R   0.4143   0.8722  -0.9934   0.3810
  3.0  6750  I   0.4835   0.5581  -0.7173   0.2702
  3.0  6750  J   0.5337   0.3396  -0.7087   0.3231
  3.0  6750  H   0.7675  -0.3448  -0.1051   0.1277
  3.0  6750  K   0.5536  -0.0296  -0.3390   0.1912
  3.5  6750  U   0.3410   0.9750  -0.6150   0.1345
  3.5  6750  B   0.2812   1.0127  -0.6896   0.2194
  3.5  6750  V   0.3613   0.9586  -0.9098   0.3312
  3.5  6750  R   0.4130   0.7984  -0.8443   0.3051
  3.5  6750  I   0.4774   0.4943  -0.5780   0.2003
  3.5  6750  J   0.4980   0.3892  -0.7115   0.3102
  3.5  6750  H   0.7139  -0.2064  -0.2322   0.1687
  3.5  6750  K   0.5162   0.0480  -0.3918   0.2027
  4.0  6750  U   0.3431   0.9378  -0.5403   0.1002
  4.0  6750  B   0.2974   0.9469  -0.5846   0.1617
  4.0  6750  V   0.3710   0.8674  -0.7499   0.2507
  4.0  6750  R   0.4232   0.6904  -0.6576   0.2154
  4.0  6750  I   0.4836   0.3979  -0.4059   0.1195
  4.0  6750  J   0.4756   0.3997  -0.6699   0.2802
  4.0  6750  H   0.6701  -0.0971  -0.3230   0.1949
  4.0  6750  K   0.4896   0.0953  -0.4112   0.2018
  4.5  6750  U   0.3507   0.8642  -0.4170   0.0480
  4.5  6750  B   0.3187   0.8699  -0.4738   0.1045
  4.5  6750  V   0.3890   0.7728  -0.6043   0.1805
  4.5  6750  R   0.4421   0.5848  -0.4968   0.1414
  4.5  6750  I   0.4973   0.3062  -0.2617   0.0549
  4.5  6750  J   0.4700   0.3769  -0.6063   0.2457
  4.5  6750  H   0.6436  -0.0351  -0.3649   0.2036
  4.5  6750  K   0.4809   0.0977  -0.3864   0.1850
  5.0  6750  U   0.3691   0.7289  -0.2090  -0.0377
  5.0  6750  B   0.3433   0.7794  -0.3423   0.0373
  5.0  6750  V   0.4119   0.6752  -0.4596   0.1104
  5.0  6750  R   0.4667   0.4767  -0.3415   0.0707
  5.0  6750  I   0.5182   0.2072  -0.1176  -0.0082
  5.0  6750  J   0.4745   0.3349  -0.5291   0.2078
  5.0  6750  H   0.6300  -0.0093  -0.3667   0.1967
  5.0  6750  K   0.4809   0.0810  -0.3462   0.1641
  2.0  7000  U   0.5670  -0.1170   0.7201  -0.3460
  2.0  7000  B   0.1904   0.3581   0.7552  -0.4716
  2.0  7000  V   0.4413   0.0707   0.5939  -0.3413
  2.0  7000  R   0.5805  -0.1336   0.5006  -0.2525
  2.0  7000  I   0.6952  -0.3896   0.5360  -0.2309
  2.0  7000  J   0.6895  -0.4076   0.3509  -0.1292
  2.0  7000  H   0.8160  -0.7435   0.5608  -0.1795
  2.0  7000  K   0.7469  -0.8115   0.7001  -0.2441
  2.5  7000  U   0.5641   0.0991   0.4158  -0.2508
  2.5  7000  B   0.3922   0.0486   0.9253  -0.5221
  2.5  7000  V   0.5385   0.0445   0.3884  -0.2045
  2.5  7000  R   0.5859   0.0961   0.0119  -0.0039
  2.5  7000  I   0.6299   0.0049  -0.0975   0.0630
  2.5  7000  J   0.6691  -0.2224  -0.0040   0.0511
  2.5  7000  H   0.8249  -0.7061   0.4103  -0.0872
  2.5  7000  K   0.6481  -0.4313   0.1602  -0.0030
  3.0  7000  U   0.4859   0.5866  -0.2613   0.0149
  3.0  7000  B   0.3809   0.6134  -0.1740   0.0143
  3.0  7000  V   0.4366   0.7631  -0.7686   0.3171
  3.0  7000  R   0.4584   0.7728  -0.9696   0.4094
  3.0  7000  I   0.5054   0.5454  -0.8044   0.3388
  3.0  7000  J   0.5744   0.2181  -0.6236   0.3108
  3.0  7000  H   0.7631  -0.3945  -0.0507   0.1126
  3.0  7000  K   0.5533  -0.0747  -0.2883   0.1737
  3.5  7000  U   0.4337   0.7824  -0.4766   0.0867
  3.5  7000  B   0.2945   1.0411  -0.7461   0.2304
  3.5  7000  V   0.3658   0.9848  -0.9701   0.3552
  3.5  7000  R   0.4133   0.8366  -0.9313   0.3453
  3.5  7000  I   0.4773   0.5230  -0.6556   0.2386
  3.5  7000  J   0.5093   0.3525  -0.6943   0.3081
  3.5  7000  H   0.6882  -0.1931  -0.2323   0.1650
  3.5  7000  K   0.5025   0.0306  -0.3511   0.1810
  4.0  7000  U   0.4059   0.8753  -0.5791   0.1263
  4.0  7000  B   0.3048   1.0153  -0.7170   0.2125
  4.0  7000  V   0.3682   0.9298  -0.8712   0.3052
  4.0  7000  R   0.4134   0.7716  -0.8076   0.2841
  4.0  7000  I   0.4711   0.4753  -0.5492   0.1859
  4.0  7000  J   0.4810   0.3918  -0.6982   0.2999
  4.0  7000  H   0.6530  -0.1041  -0.3079   0.1875
  4.0  7000  K   0.4774   0.0834  -0.3879   0.1901
  4.5  7000  U   0.3871   0.9095  -0.5983   0.1329
  4.5  7000  B   0.3166   0.9748  -0.6644   0.1842
  4.5  7000  V   0.3789   0.8574  -0.7580   0.2508
  4.5  7000  R   0.4233   0.6901  -0.6769   0.2234
  4.5  7000  I   0.4758   0.4079  -0.4318   0.1318
  4.5  7000  J   0.4694   0.3872  -0.6564   0.2741
  4.5  7000  H   0.6253  -0.0342  -0.3647   0.2040
  4.5  7000  K   0.4617   0.1110  -0.3980   0.1891
  5.0  7000  U   0.3847   0.8448  -0.4712   0.0771
  5.0  7000  B   0.3305   0.9095  -0.5600   0.1277
  5.0  7000  V   0.3954   0.7637  -0.6092   0.1774
  5.0  7000  R   0.4433   0.5772  -0.5032   0.1427
  5.0  7000  I   0.4906   0.3114  -0.2795   0.0634
  5.0  7000  J   0.4652   0.3595  -0.5854   0.2363
  5.0  7000  H   0.6053   0.0092  -0.3838   0.2031
  5.0  7000  K   0.4587   0.0987  -0.3580   0.1668
  2.0  7250  U   0.6121  -0.1658   0.6647  -0.2955
  2.0  7250  B   0.1118   0.6163   0.4532  -0.3561
  2.0  7250  V   0.3963   0.1952   0.4594  -0.2930
  2.0  7250  R   0.5854  -0.1807   0.5717  -0.2868
  2.0  7250  I   0.7360  -0.5433   0.7148  -0.3011
  2.0  7250  J   0.7500  -0.6322   0.6245  -0.2397
  2.0  7250  H   0.8734  -0.9900   0.8837  -0.3148
  2.0  7250  K   0.8164  -1.0633   0.9973  -0.3588
  2.5  7250  U   0.6607  -0.2248   0.7307  -0.3434
  2.5  7250  B   0.2178   0.5070   0.4804  -0.3733
  2.5  7250  V   0.4481   0.1484   0.4534  -0.2911
  2.5  7250  R   0.5709  -0.0634   0.3894  -0.2119
  2.5  7250  I   0.6733  -0.3275   0.4474  -0.1961
  2.5  7250  J   0.6510  -0.3245   0.2483  -0.0880
  2.5  7250  H   0.7473  -0.6271   0.4503  -0.1406
  2.5  7250  K   0.6727  -0.6802   0.5837  -0.2058
  3.0  7250  U   0.6393   0.0236   0.3992  -0.2392
  3.0  7250  B   0.3955   0.2878   0.5006  -0.3468
  3.0  7250  V   0.5081   0.2597   0.0582  -0.0709
  3.0  7250  R   0.5394   0.3031  -0.2764   0.1089
  3.0  7250  I   0.5794   0.1686  -0.3035   0.1396
  3.0  7250  J   0.6062  -0.0333  -0.2437   0.1466
  3.0  7250  H   0.7225  -0.4350   0.0955   0.0354
  3.0  7250  K   0.5619  -0.2390  -0.0234   0.0561
  3.5  7250  U   0.5456   0.5027  -0.2410   0.0105
  3.5  7250  B   0.3621   0.8497  -0.5378   0.1485
  3.5  7250  V   0.4082   0.8901  -0.9213   0.3581
  3.5  7250  R   0.4350   0.8274  -1.0079   0.4034
  3.5  7250  I   0.4886   0.5394  -0.7575   0.3026
  3.5  7250  J   0.5327   0.2838  -0.6604   0.3098
  3.5  7250  H   0.6740  -0.2153  -0.1981   0.1516
  3.5  7250  K   0.4998  -0.0143  -0.2890   0.1546
  4.0  7250  U   0.4830   0.7346  -0.5161   0.1150
  4.0  7250  B   0.3291   1.0412  -0.8113   0.2526
  4.0  7250  V   0.3794   0.9659  -0.9755   0.3569
  4.0  7250  R   0.4160   0.8330  -0.9521   0.3564
  4.0  7250  I   0.4716   0.5262  -0.6761   0.2508
  4.0  7250  J   0.4991   0.3469  -0.6871   0.3055
  4.0  7250  H   0.6387  -0.1197  -0.2846   0.1784
  4.0  7250  K   0.4712   0.0571  -0.3508   0.1738
  4.5  7250  U   0.4459   0.8309  -0.6062   0.1473
  4.5  7250  B   0.3258   1.0386  -0.7988   0.2396
  4.5  7250  V   0.3752   0.9244  -0.8862   0.3088
  4.5  7250  R   0.4143   0.7687  -0.8237   0.2914
  4.5  7250  I   0.4650   0.4785  -0.5651   0.1944
  4.5  7250  J   0.4749   0.3753  -0.6758   0.2896
  4.5  7250  H   0.6106  -0.0480  -0.3398   0.1922
  4.5  7250  K   0.4538   0.0894  -0.3640   0.1733
  5.0  7250  U   0.4215   0.8476  -0.5782   0.1299
  5.0  7250  B   0.3272   1.0048  -0.7311   0.1987
  5.0  7250  V   0.3827   0.8426  -0.7422   0.2359
  5.0  7250  R   0.4262   0.6631  -0.6461   0.2065
  5.0  7250  I   0.4723   0.3905  -0.4104   0.1220
  5.0  7250  J   0.4621   0.3672  -0.6210   0.2562
  5.0  7250  H   0.5842   0.0149  -0.3810   0.2001
  5.0  7250  K   0.4428   0.0991  -0.3490   0.1614
  2.0  7500  U   0.6220  -0.1111   0.5181  -0.2256
  2.0  7500  B   0.0132   1.0954  -0.1981  -0.1004
  2.0  7500  V   0.3316   0.5138   0.0061  -0.1063
  2.0  7500  R   0.5527   0.0004   0.2954  -0.1692
  2.0  7500  I   0.7379  -0.4964   0.6082  -0.2507
  2.0  7500  J   0.7926  -0.7226   0.6860  -0.2554
  2.0  7500  H   0.9215  -1.1307   1.0276  -0.3669
  2.0  7500  K   0.8678  -1.2102   1.1509  -0.4163
  2.5  7500  U   0.6960  -0.2602   0.6598  -0.2839
  2.5  7500  B   0.1507   0.7384   0.1901  -0.2533
  2.5  7500  V   0.4137   0.2482   0.3350  -0.2437
  2.5  7500  R   0.5847  -0.1372   0.4869  -0.2542
  2.5  7500  I   0.7208  -0.5088   0.6582  -0.2779
  2.5  7500  J   0.7110  -0.5654   0.5512  -0.2124
  2.5  7500  H   0.7981  -0.8707   0.7757  -0.2773
  2.5  7500  K   0.7296  -0.9029   0.8472  -0.3061
  3.0  7500  U   0.7296  -0.3041   0.7232  -0.3330
  3.0  7500  B   0.2359   0.6843   0.1427  -0.2370
  3.0  7500  V   0.4393   0.2812   0.2298  -0.2010
  3.0  7500  R   0.5497   0.0499   0.2175  -0.1444
  3.0  7500  I   0.6455  -0.2458   0.3374  -0.1541
  3.0  7500  J   0.6137  -0.2405   0.1476  -0.0498
  3.0  7500  H   0.6861  -0.5241   0.3592  -0.1121
  3.0  7500  K   0.6138  -0.5793   0.4988  -0.1797
  3.5  7500  U   0.6829  -0.0020   0.3360  -0.2042
  3.5  7500  B   0.3775   0.5969  -0.0338  -0.1160
  3.5  7500  V   0.4598   0.5326  -0.3434   0.0912
  3.5  7500  R   0.4920   0.5014  -0.5393   0.2055
  3.5  7500  I   0.5408   0.2718  -0.4108   0.1681
  3.5  7500  J   0.5523   0.1092  -0.4000   0.1987
  3.5  7500  H   0.6420  -0.2600  -0.0640   0.0820
  3.5  7500  K   0.5144  -0.1784  -0.0344   0.0418
  4.0  7500  U   0.5867   0.4667  -0.2865   0.0395
  4.0  7500  B   0.3756   0.9766  -0.7916   0.2498
  4.0  7500  V   0.4152   0.9239  -0.9930   0.3782
  4.0  7500  R   0.4442   0.8094  -0.9984   0.3921
  4.0  7500  I   0.4924   0.5057  -0.7178   0.2831
  4.0  7500  J   0.5269   0.2595  -0.6174   0.2864
  4.0  7500  H   0.6342  -0.1741  -0.2040   0.1429
  4.0  7500  K   0.4764  -0.0092  -0.2630   0.1373
  4.5  7500  U   0.5238   0.6255  -0.4263   0.0830
  4.5  7500  B   0.3328   1.0905  -0.8987   0.2753
  4.5  7500  V   0.3756   0.9635  -0.9611   0.3390
  4.5  7500  R   0.4143   0.8013  -0.8979   0.3257
  4.5  7500  I   0.4657   0.4938  -0.6174   0.2213
  4.5  7500  J   0.4820   0.3422  -0.6537   0.2839
  4.5  7500  H   0.5862  -0.0446  -0.3204   0.1791
  4.5  7500  K   0.4482   0.0468  -0.2913   0.1386
  5.0  7500  U   0.4751   0.7558  -0.5550   0.1309
  5.0  7500  B   0.3331   1.0726  -0.8690   0.2563
  5.0  7500  V   0.3775   0.9064  -0.8589   0.2874
  5.0  7500  R   0.4175   0.7318  -0.7735   0.2651
  5.0  7500  I   0.4625   0.4484  -0.5206   0.1737
  5.0  7500  J   0.4640   0.3606  -0.6413   0.2709
  5.0  7500  H   0.5653   0.0123  -0.3656   0.1915
  5.0  7500  K   0.4361   0.0712  -0.3038   0.1402
  2.0  7750  U   0.6162  -0.0344   0.3599  -0.1526
  2.0  7750  B  -0.0627   1.5265  -0.8342   0.1626
  2.0  7750  V   0.2909   0.7654  -0.3833   0.0587
  2.0  7750  R   0.5406   0.1187   0.0891  -0.0786
  2.0  7750  I   0.7547  -0.4923   0.5495  -0.2183
  2.0  7750  J   0.8453  -0.8412   0.7814  -0.2844
  2.0  7750  H   0.9747  -1.2756   1.1730  -0.4191
  2.0  7750  K   0.9150  -1.3336   1.2718  -0.4592
  2.5  7750  U   0.7122  -0.2381   0.5505  -0.2256
  2.5  7750  B   0.0871   1.1317  -0.3990  -0.0064
  2.5  7750  V   0.3735   0.5104  -0.0761  -0.0660
  2.5  7750  R   0.5667   0.0081   0.2393  -0.1442
  2.5  7750  I   0.7272  -0.4797   0.5717  -0.2355
  2.5  7750  J   0.7436  -0.6388   0.5959  -0.2214
  2.5  7750  H   0.8305  -0.9793   0.8887  -0.3186
  2.5  7750  K   0.7609  -1.0019   0.9493  -0.3437
  3.0  7750  U   0.7640  -0.3561   0.6714  -0.2765
  3.0  7750  B   0.1860   0.8599  -0.0947  -0.1303
  3.0  7750  V   0.4236   0.3171   0.1877  -0.1838
  3.0  7750  R   0.5795  -0.0823   0.3862  -0.2148
  3.0  7750  I   0.7038  -0.4736   0.6067  -0.2585
  3.0  7750  J   0.6751  -0.5017   0.4790  -0.1850
  3.0  7750  H   0.7343  -0.7699   0.6860  -0.2470
  3.0  7750  K   0.6626  -0.7794   0.7307  -0.2651
  3.5  7750  U   0.7789  -0.3730   0.7222  -0.3237
  3.5  7750  B   0.2497   0.8632  -0.2096  -0.0880
  3.5  7750  V   0.4229   0.4364  -0.0252  -0.0970
  3.5  7750  R   0.5253   0.1715   0.0355  -0.0732
  3.5  7750  I   0.6197  -0.1779   0.2524  -0.1250
  3.5  7750  J   0.5809  -0.1724   0.0714  -0.0236
  3.5  7750  H   0.6366  -0.4529   0.3091  -0.1013
  3.5  7750  K   0.5754  -0.5314   0.4745  -0.1782
  4.0  7750  U   0.7029   0.0126   0.2479  -0.1647
  4.0  7750  B   0.3747   0.8487  -0.5124   0.0989
  4.0  7750  V   0.4284   0.7551  -0.6988   0.2406
  4.0  7750  R   0.4581   0.6669  -0.7805   0.3001
  4.0  7750  I   0.5095   0.3674  -0.5273   0.2069
  4.0  7750  J   0.5168   0.1989  -0.5029   0.2334
  4.0  7750  H   0.5836  -0.1492  -0.1562   0.1062
  4.0  7750  K   0.4791  -0.1361  -0.0443   0.0339
  4.5  7750  U   0.6089   0.3519  -0.1455  -0.0207
  4.5  7750  B   0.3343   1.1463  -0.9930   0.3073
  4.5  7750  V   0.3745   0.9965  -1.0205   0.3618
  4.5  7750  R   0.4172   0.8090  -0.9316   0.3419
  4.5  7750  I   0.4738   0.4639  -0.6015   0.2185
  4.5  7750  J   0.4850   0.2995  -0.6039   0.2640
  4.5  7750  H   0.5597  -0.0541  -0.2672   0.1479
  4.5  7750  K   0.4443  -0.0128  -0.1907   0.0920
  5.0  7750  U   0.5479   0.5453  -0.3592   0.0603
  5.0  7750  B   0.3387   1.1282  -0.9787   0.2987
  5.0  7750  V   0.3772   0.9445  -0.9306   0.3160
  5.0  7750  R   0.4173   0.7594  -0.8384   0.2952
  5.0  7750  I   0.4645   0.4516  -0.5521   0.1911
  5.0  7750  J   0.4708   0.3209  -0.6047   0.2579
  5.0  7750  H   0.5467  -0.0093  -0.3100   0.1623
  5.0  7750  K   0.4342   0.0184  -0.2205   0.1021
  2.0  8000  U   0.5984   0.0227   0.2603  -0.1087
  2.0  8000  B  -0.1019   1.7840  -1.2532   0.3437
  2.0  8000  V   0.2835   0.8743  -0.5955   0.1562
  2.0  8000  R   0.5520   0.1411  -0.0014  -0.0304
  2.0  8000  I   0.7880  -0.5549   0.5736  -0.2170
  2.0  8000  J   0.9045  -0.9853   0.9081  -0.3245
  2.0  8000  H   1.0302  -1.4275   1.3276  -0.4744
  2.0  8000  K   0.9674  -1.4718   1.4103  -0.5093
  2.5  8000  U   0.7198  -0.2273   0.4795  -0.1869
  2.5  8000  B   0.0608   1.3927  -0.8368   0.1834
  2.5  8000  V   0.3711   0.6354  -0.3213   0.0458
  2.5  8000  R   0.5771   0.0493   0.1167  -0.0821
  2.5  8000  I   0.7521  -0.5166   0.5613  -0.2200
  2.5  8000  J   0.7882  -0.7555   0.6954  -0.2520
  2.5  8000  H   0.8678  -1.0981   1.0106  -0.3618
  2.5  8000  K   0.7934  -1.0968   1.0408  -0.3750
  3.0  8000  U   0.7924  -0.3905   0.6344  -0.2467
  3.0  8000  B   0.1721   1.0751  -0.4742   0.0394
  3.0  8000  V   0.4176   0.4629  -0.0939  -0.0508
  3.0  8000  R   0.5845  -0.0155   0.2234  -0.1331
  3.0  8000  I   0.7186  -0.4777   0.5527  -0.2250
  3.0  8000  J   0.7045  -0.5797   0.5309  -0.1956
  3.0  8000  H   0.7569  -0.8598   0.7772  -0.2785
  3.0  8000  K   0.6841  -0.8559   0.8062  -0.2915
  3.5  8000  U   0.8197  -0.4569   0.7092  -0.2821
  3.5  8000  B   0.2282   0.9208  -0.2969  -0.0399
  3.5  8000  V   0.4375   0.3496   0.0919  -0.1442
  3.5  8000  R   0.5816  -0.0636   0.3312  -0.1925
  3.5  8000  I   0.6922  -0.4585   0.5778  -0.2465
  3.5  8000  J   0.6505  -0.4702   0.4435  -0.1714
  3.5  8000  H   0.6872  -0.7048   0.6296  -0.2276
  3.5  8000  K   0.6139  -0.6916   0.6433  -0.2323
  4.0  8000  U   0.8096  -0.4144   0.7112  -0.3160
  4.0  8000  B   0.2837   0.9725  -0.4962   0.0429
  4.0  8000  V   0.4149   0.5777  -0.2877   0.0192
  4.0  8000  R   0.5047   0.2982  -0.1730   0.0150
  4.0  8000  I   0.5908  -0.0825   0.1216  -0.0739
  4.0  8000  J   0.5530  -0.1029  -0.0202   0.0126
  4.0  8000  H   0.5988  -0.3973   0.2650  -0.0898
  4.0  8000  K   0.5425  -0.4779   0.4297  -0.1654
  4.5  8000  U   0.7131  -0.0135   0.2484  -0.1631
  4.5  8000  B   0.3433   1.1289  -0.9720   0.2914
  4.5  8000  V   0.3869   0.9478  -0.9589   0.3340
  4.5  8000  R   0.4356   0.7317  -0.8437   0.3078
  4.5  8000  I   0.4984   0.3487  -0.4645   0.1646
  4.5  8000  J   0.4952   0.2055  -0.4705   0.2058
  4.5  8000  H   0.5465  -0.1281  -0.1196   0.0752
  4.5  8000  K   0.4655  -0.1679   0.0347  -0.0071
  5.0  8000  U   0.6271   0.2922  -0.1060  -0.0310
  5.0  8000  B   0.3500   1.1735  -1.0863   0.3443
  5.0  8000  V   0.3799   0.9847  -1.0161   0.3538
  5.0  8000  R   0.4237   0.7701  -0.8873   0.3201
  5.0  8000  I   0.4727   0.4316  -0.5553   0.1975
  5.0  8000  J   0.4778   0.2732  -0.5553   0.2398
  5.0  8000  H   0.5333  -0.0515  -0.2263   0.1212
  5.0  8000  K   0.4388  -0.0569  -0.1101   0.0537
  2.0  8250  U   0.5604   0.1024   0.1571  -0.0671
  2.0  8250  B  -0.1374   1.9588  -1.5408   0.4693
  2.0  8250  V   0.2776   0.9275  -0.7124   0.2112
  2.0  8250  R   0.5663   0.1151  -0.0086  -0.0204
  2.0  8250  I   0.8232  -0.6500   0.6555  -0.2427
  2.0  8250  J   0.9603  -1.1374   1.0600  -0.3786
  2.0  8250  H   1.0785  -1.5644   1.4701  -0.5259
  2.0  8250  K   1.0149  -1.6012   1.5405  -0.5556
  2.5  8250  U   0.7164  -0.2198   0.4356  -0.1635
  2.5  8250  B   0.0539   1.5326  -1.1102   0.3076
  2.5  8250  V   0.3844   0.6639  -0.4317   0.1021
  2.5  8250  R   0.6015   0.0096   0.1090  -0.0685
  2.5  8250  I   0.7859  -0.6047   0.6237  -0.2352
  2.5  8250  J   0.8333  -0.8882   0.8229  -0.2952
  2.5  8250  H   0.9067  -1.2262   1.1484  -0.4129
  2.5  8250  K   0.8298  -1.2107   1.1610  -0.4197
  3.0  8250  U   0.8118  -0.4253   0.6177  -0.2294
  3.0  8250  B   0.1816   1.2049  -0.7546   0.1695
  3.0  8250  V   0.4378   0.5011  -0.2331   0.0199
  3.0  8250  R   0.6084  -0.0339   0.1758  -0.1007
  3.0  8250  I   0.7446  -0.5361   0.5727  -0.2220
  3.0  8250  J   0.7395  -0.6890   0.6311  -0.2281
  3.0  8250  H   0.7811  -0.9563   0.8805  -0.3161
  3.0  8250  K   0.7052  -0.9313   0.8804  -0.3168
  3.5  8250  U   0.8564  -0.5343   0.7274  -0.2736
  3.5  8250  B   0.2588   0.9598  -0.4617   0.0499
  3.5  8250  V   0.4582   0.3937  -0.0733  -0.0514
  3.5  8250  R   0.5999  -0.0481   0.2219  -0.1266
  3.5  8250  I   0.7090  -0.4784   0.5406  -0.2174
  3.5  8250  J   0.6746  -0.5440   0.4926  -0.1804
  3.5  8250  H   0.7015  -0.7790   0.7060  -0.2540
  3.5  8250  K   0.6282  -0.7526   0.7019  -0.2520
  4.0  8250  U   0.8606  -0.5573   0.7712  -0.2991
  4.0  8250  B   0.2695   0.9605  -0.4715   0.0413
  4.0  8250  V   0.4446   0.3955  -0.0202  -0.0971
  4.0  8250  R   0.5795  -0.0365   0.2679  -0.1672
  4.0  8250  I   0.6789  -0.4427   0.5564  -0.2400
  4.0  8250  J   0.6290  -0.4453   0.4178  -0.1631
  4.0  8250  H   0.6506  -0.6627   0.6014  -0.2204
  4.0  8250  K   0.5820  -0.6455   0.6040  -0.2195
  4.5  8250  U   0.8263  -0.4578   0.7322  -0.3248
  4.5  8250  B   0.3007   1.1201  -0.8305   0.1966
  4.5  8250  V   0.3915   0.7564  -0.5843   0.1454
  4.5  8250  R   0.4806   0.4182  -0.3555   0.0872
  4.5  8250  I   0.5676  -0.0233   0.0548  -0.0547
  4.5  8250  J   0.5318  -0.0674  -0.0540   0.0202
  4.5  8250  H   0.5711  -0.3766   0.2709  -0.1001
  4.5  8250  K   0.5234  -0.4673   0.4377  -0.1736
  5.0  8250  U   0.7086   0.0396   0.1318  -0.1101
  5.0  8250  B   0.3955   1.1187  -1.0980   0.3622
  5.0  8250  V   0.4128   0.9441  -1.0298   0.3721
  5.0  8250  R   0.4509   0.7267  -0.8925   0.3356
  5.0  8250  I   0.4940   0.3771  -0.5312   0.1980
  5.0  8250  J   0.4966   0.1894  -0.4687   0.2092
  5.0  8250  H   0.5315  -0.1228  -0.1167   0.0729
  5.0  8250  K   0.4511  -0.1474   0.0093   0.0041
  2.0  8500  U   0.5064   0.2104   0.0370  -0.0211
  2.0  8500  B  -0.1713   2.0853  -1.7443   0.5578
  2.0  8500  V   0.2652   0.9746  -0.7996   0.2500
  2.0  8500  R   0.5683   0.1090  -0.0208  -0.0123
  2.0  8500  I   0.8431  -0.7101   0.7133  -0.2631
  2.0  8500  J   0.9986  -1.2426   1.1671  -0.4170
  2.0  8500  H   1.1162  -1.6697   1.5832  -0.5680
  2.0  8500  K   1.0562  -1.7155   1.6613  -0.6008
  2.5  8500  U   0.6876  -0.1730   0.3747  -0.1389
  2.5  8500  B   0.0374   1.6417  -1.3118   0.3982
  2.5  8500  V   0.3867   0.6846  -0.5057   0.1397
  2.5  8500  R   0.6132  -0.0222   0.1169  -0.0663
  2.5  8500  I   0.8065  -0.6759   0.6887  -0.2566
  2.5  8500  J   0.8664  -0.9966   0.9366  -0.3367
  2.5  8500  H   0.9325  -1.3177   1.2494  -0.4504
  2.5  8500  K   0.8551  -1.2958   1.2504  -0.4520
  3.0  8500  U   0.8119  -0.4477   0.6181  -0.2238
  3.0  8500  B   0.1919   1.2716  -0.9299   0.2540
  3.0  8500  V   0.4550   0.5016  -0.3019   0.0586
  3.0  8500  R   0.6258  -0.0705   0.1741  -0.0909
  3.0  8500  I   0.7644  -0.6075   0.6319  -0.2395
  3.0  8500  J   0.7637  -0.7822   0.7262  -0.2615
  3.0  8500  H   0.7981  -1.0388   0.9762  -0.3525
  3.0  8500  K   0.7230  -1.0061   0.9622  -0.3473
  3.5  8500  U   0.8786  -0.6019   0.7598  -0.2765
  3.5  8500  B   0.2823   1.0175  -0.6431   0.1399
  3.5  8500  V   0.4823   0.3983  -0.1623  -0.0019
  3.5  8500  R   0.6221  -0.0839   0.2075  -0.1097
  3.5  8500  I   0.7294  -0.5458   0.5868  -0.2282
  3.5  8500  J   0.6955  -0.6309   0.5777  -0.2090
  3.5  8500  H   0.7115  -0.8488   0.7866  -0.2840
  3.5  8500  K   0.6405  -0.8165   0.7717  -0.2781
  4.0  8500  U   0.9021  -0.6630   0.8235  -0.3035
  4.0  8500  B   0.3286   0.8546  -0.4443   0.0571
  4.0  8500  V   0.4850   0.3403  -0.0562  -0.0532
  4.0  8500  R   0.6113  -0.0905   0.2492  -0.1361
  4.0  8500  I   0.6983  -0.4875   0.5488  -0.2200
  4.0  8500  J   0.6503  -0.5267   0.4804  -0.1771
  4.0  8500  H   0.6579  -0.7235   0.6613  -0.2391
  4.0  8500  K   0.5889  -0.6897   0.6420  -0.2301
  4.5  8500  U   0.8887  -0.6473   0.8430  -0.3243
  4.5  8500  B   0.3067   1.0036  -0.6506   0.1240
  4.5  8500  V   0.4432   0.4690  -0.1683  -0.0351
  4.5  8500  R   0.5682   0.0216   0.1669  -0.1272
  4.5  8500  I   0.6599  -0.4069   0.5165  -0.2290
  4.5  8500  J   0.6066  -0.4126   0.3846  -0.1531
  4.5  8500  H   0.6196  -0.6273   0.5796  -0.2159
  4.5  8500  K   0.5581  -0.6171   0.5850  -0.2150
  5.0  8500  U   0.8266  -0.4735   0.7435  -0.3349
  5.0  8500  B   0.3239   1.2215  -1.1016   0.3259
  5.0  8500  V   0.3782   0.8890  -0.8186   0.2461
  5.0  8500  R   0.4643   0.5073  -0.5003   0.1455
  5.0  8500  I   0.5445   0.0430  -0.0278  -0.0254
  5.0  8500  J   0.5152  -0.0397  -0.0861   0.0305
  5.0  8500  H   0.5467  -0.3508   0.2606  -0.1003
  5.0  8500  K   0.5039  -0.4401   0.4144  -0.1660
  2.0  8750  U   0.4523   0.3191  -0.0714   0.0172
  2.0  8750  B  -0.1893   2.1534  -1.8708   0.6159
  2.0  8750  V   0.2569   1.0093  -0.8650   0.2781
  2.0  8750  R   0.5680   0.1117  -0.0335  -0.0078
  2.0  8750  I   0.8522  -0.7350   0.7387  -0.2731
  2.0  8750  J   1.0289  -1.3183   1.2437  -0.4448
  2.0  8750  H   1.1488  -1.7532   1.6732  -0.6019
  2.0  8750  K   1.0939  -1.8117   1.7611  -0.6376
  2.5  8750  U   0.6415  -0.0865   0.2867  -0.1073
  2.5  8750  B   0.0154   1.7475  -1.4946   0.4797
  2.5  8750  V   0.3812   0.7220  -0.5867   0.1770
  2.5  8750  R   0.6134  -0.0218   0.0981  -0.0565
  2.5  8750  I   0.8166  -0.7178   0.7328  -0.2737
  2.5  8750  J   0.8884  -1.0688   1.0142  -0.3659
  2.5  8750  H   0.9527  -1.3876   1.3286  -0.4805
  2.5  8750  K   0.8779  -1.3716   1.3349  -0.4846
  3.0  8750  U   0.7908  -0.4276   0.5917  -0.2123
  3.0  8750  B   0.1903   1.3416  -1.0865   0.3279
  3.0  8750  V   0.4584   0.5224  -0.3752   0.0954
  3.0  8750  R   0.6299  -0.0837   0.1656  -0.0838
  3.0  8750  I   0.7727  -0.6546   0.6797  -0.2573
  3.0  8750  J   0.7774  -0.8470   0.7992  -0.2894
  3.0  8750  H   0.8070  -1.0929   1.0412  -0.3775
  3.0  8750  K   0.7327  -1.0579   1.0223  -0.3703
  3.5  8750  U   0.8815  -0.6395   0.7809  -0.2791
  3.5  8750  B   0.3006   1.0461  -0.7644   0.2026
  3.5  8750  V   0.4963   0.3980  -0.2223   0.0325
  3.5  8750  R   0.6342  -0.1184   0.2151  -0.1065
  3.5  8750  I   0.7363  -0.5889   0.6196  -0.2365
  3.5  8750  J   0.7040  -0.6893   0.6413  -0.2321
  3.5  8750  H   0.7139  -0.8952   0.8442  -0.3064
  3.5  8750  K   0.6442  -0.8574   0.8183  -0.2951
  4.0  8750  U   0.9231  -0.7378   0.8695  -0.3128
  4.0  8750  B   0.3604   0.8560  -0.5412   0.1114
  4.0  8750  V   0.5095   0.3211  -0.1027  -0.0226
  4.0  8750  R   0.6275  -0.1242   0.2407  -0.1220
  4.0  8750  I   0.7076  -0.5313   0.5729  -0.2227
  4.0  8750  J   0.6577  -0.5817   0.5328  -0.1931
  4.0  8750  H   0.6572  -0.7659   0.7126  -0.2583
  4.0  8750  K   0.5916  -0.7307   0.6880  -0.2471
  4.5  8750  U   0.9287  -0.7602   0.9034  -0.3304
  4.5  8750  B   0.3802   0.7786  -0.4459   0.0683
  4.5  8750  V   0.5005   0.3009  -0.0367  -0.0610
  4.5  8750  R   0.6135  -0.1154   0.2639  -0.1416
  4.5  8750  I   0.6830  -0.4830   0.5471  -0.2200
  4.5  8750  J   0.6274  -0.5074   0.4650  -0.1720
  4.5  8750  H   0.6223  -0.6781   0.6248  -0.2268
  4.5  8750  K   0.5596  -0.6470   0.6030  -0.2163
  5.0  8750  U   0.9013  -0.7277   0.9441  -0.3710
  5.0  8750  B   0.3360   1.0624  -0.8456   0.2130
  5.0  8750  V   0.4280   0.5907  -0.3756   0.0509
  5.0  8750  R   0.5432   0.1277   0.0089  -0.0647
  5.0  8750  I   0.6274  -0.3228   0.4237  -0.1986
  5.0  8750  J   0.5787  -0.3534   0.3199  -0.1314
  5.0  8750  H   0.5909  -0.5901   0.5602  -0.2145
  5.0  8750  K   0.5380  -0.5952   0.5763  -0.2162
  2.0  9000  U   0.4156   0.3880  -0.1358   0.0385
  2.0  9000  B  -0.1869   2.1447  -1.8936   0.6306
  2.0  9000  V   0.2529   1.0296  -0.9112   0.2990
  2.0  9000  R   0.5678   0.1201  -0.0548   0.0011
  2.0  9000  I   0.8627  -0.7547   0.7566  -0.2809
  2.0  9000  J   1.0607  -1.3920   1.3196  -0.4736
  2.0  9000  H   1.1847  -1.8364   1.7602  -0.6348
  2.0  9000  K   1.1369  -1.9145   1.8663  -0.6763
  2.5  9000  U   0.5983   0.0034   0.1956  -0.0752
  2.5  9000  B   0.0035   1.8054  -1.6050   0.5297
  2.5  9000  V   0.3790   0.7424  -0.6377   0.2005
  2.5  9000  R   0.6153  -0.0246   0.0879  -0.0512
  2.5  9000  I   0.8262  -0.7482   0.7622  -0.2849
  2.5  9000  J   0.9092  -1.1294   1.0775  -0.3893
  2.5  9000  H   0.9745  -1.4517   1.3995  -0.5077
  2.5  9000  K   0.9011  -1.4406   1.4101  -0.5133
  3.0  9000  U   0.7644  -0.3903   0.5589  -0.2027
  3.0  9000  B   0.1891   1.3865  -1.1924   0.3777
  3.0  9000  V   0.4618   0.5319  -0.4210   0.1187
  3.0  9000  R   0.6337  -0.0977   0.1670  -0.0827
  3.0  9000  I   0.7765  -0.6791   0.7018  -0.2648
  3.0  9000  J   0.7861  -0.8865   0.8403  -0.3038
  3.0  9000  H   0.8140  -1.1300   1.0851  -0.3945
  3.0  9000  K   0.7424  -1.1019   1.0728  -0.3898
  3.5  9000  U   0.8715  -0.6471   0.7877  -0.2816
  3.5  9000  B   0.3137   1.0729  -0.8673   0.2549
  3.5  9000  V   0.5043   0.4050  -0.2756   0.0604
  3.5  9000  R   0.6351  -0.1215   0.1965  -0.0955
  3.5  9000  I   0.7343  -0.6051   0.6332  -0.2413
  3.5  9000  J   0.7063  -0.7237   0.6817  -0.2477
  3.5  9000  H   0.7115  -0.9193   0.8781  -0.3204
  3.5  9000  K   0.6446  -0.8841   0.8517  -0.3083
  4.0  9000  U   0.9282  -0.7862   0.9104  -0.3249
  4.0  9000  B   0.3820   0.8716  -0.6431   0.1663
  4.0  9000  V   0.5200   0.3330  -0.1745   0.0159
  4.0  9000  R   0.6316  -0.1338   0.2218  -0.1090
  4.0  9000  I   0.7068  -0.5559   0.5934  -0.2294
  4.0  9000  J   0.6570  -0.6152   0.5722  -0.2081
  4.0  9000  H   0.6504  -0.7868   0.7437  -0.2708
  4.0  9000  K   0.5899  -0.7581   0.7230  -0.2608
  4.5  9000  U   0.9532  -0.8576   0.9848  -0.3548
  4.5  9000  B   0.4199   0.7235  -0.4585   0.0886
  4.5  9000  V   0.5216   0.2823  -0.0831  -0.0271
  4.5  9000  R   0.6238  -0.1362   0.2420  -0.1212
  4.5  9000  I   0.6867  -0.5153   0.5643  -0.2218
  4.5  9000  J   0.6278  -0.5445   0.5006  -0.1828
  4.5  9000  H   0.6169  -0.7091   0.6659  -0.2429
  4.5  9000  K   0.5580  -0.6773   0.6390  -0.2300
  5.0  9000  U   0.9509  -0.8633   1.0049  -0.3664
  5.0  9000  B   0.4454   0.5947  -0.2903   0.0175
  5.0  9000  V   0.5205   0.2245   0.0248  -0.0769
  5.0  9000  R   0.6171  -0.1476   0.2807  -0.1426
  5.0  9000  I   0.6696  -0.4762   0.5390  -0.2163
  5.0  9000  J   0.6100  -0.4957   0.4535  -0.1676
  5.0  9000  H   0.5970  -0.6525   0.6081  -0.2219
  5.0  9000  K   0.5394  -0.6232   0.5827  -0.2098
  2.0  9250  U   0.3910   0.4309  -0.1721   0.0485
  2.0  9250  B  -0.1751   2.0974  -1.8618   0.6224
  2.0  9250  V   0.2542   1.0297  -0.9306   0.3094
  2.0  9250  R   0.5710   0.1220  -0.0689   0.0069
  2.0  9250  I   0.8751  -0.7710   0.7671  -0.2856
  2.0  9250  J   1.0951  -1.4666   1.3953  -0.5028
  2.0  9250  H   1.2237  -1.9182   1.8421  -0.6655
  2.0  9250  K   1.1853  -2.0214   1.9716  -0.7143
  2.5  9250  U   0.5609   0.0881   0.1108  -0.0470
  2.5  9250  B  -0.0032   1.8397  -1.6809   0.5653
  2.5  9250  V   0.3790   0.7548  -0.6764   0.2191
  2.5  9250  R   0.6203  -0.0342   0.0876  -0.0506
  2.5  9250  I   0.8361  -0.7702   0.7806  -0.2918
  2.5  9250  J   0.9340  -1.1953   1.1468  -0.4157
  2.5  9250  H   1.0003  -1.5192   1.4724  -0.5358
  2.5  9250  K   0.9264  -1.5053   1.4743  -0.5356
  3.0  9250  U   0.7296  -0.3166   0.4867  -0.1788
  3.0  9250  B   0.1903   1.4152  -1.2709   0.4156
  3.0  9250  V   0.4675   0.5333  -0.4537   0.1367
  3.0  9250  R   0.6350  -0.0960   0.1469  -0.0714
  3.0  9250  I   0.7786  -0.6887   0.7065  -0.2658
  3.0  9250  J   0.7968  -0.9240   0.8795  -0.3182
  3.0  9250  H   0.8239  -1.1672   1.1282  -0.4114
  3.0  9250  K   0.7525  -1.1383   1.1130  -0.4053
  3.5  9250  U   0.8488  -0.6186   0.7670  -0.2765
  3.5  9250  B   0.3275   1.0779  -0.9275   0.2876
  3.5  9250  V   0.5145   0.4005  -0.3087   0.0798
  3.5  9250  R   0.6375  -0.1263   0.1837  -0.0875
  3.5  9250  I   0.7318  -0.6115   0.6361  -0.2417
  3.5  9250  J   0.7054  -0.7366   0.6938  -0.2510
  3.5  9250  H   0.7099  -0.9338   0.8972  -0.3275
  3.5  9250  K   0.6464  -0.9074   0.8805  -0.3196
  4.0  9250  U   0.9190  -0.8001   0.9292  -0.3321
  4.0  9250  B   0.4037   0.8648  -0.6993   0.1996
  4.0  9250  V   0.5304   0.3346  -0.2223   0.0427
  4.0  9250  R   0.6326  -0.1352   0.2017  -0.0972
  4.0  9250  I   0.7021  -0.5626   0.5956  -0.2290
  4.0  9250  J   0.6535  -0.6306   0.5903  -0.2146
  4.0  9250  H   0.6449  -0.8008   0.7656  -0.2799
  4.0  9250  K   0.5862  -0.7712   0.7406  -0.2676
  4.5  9250  U   0.9543  -0.8942   1.0127  -0.3616
  4.5  9250  B   0.4445   0.7187  -0.5260   0.1282
  4.5  9250  V   0.5335   0.2863  -0.1384   0.0027
  4.5  9250  R   0.6287  -0.1492   0.2329  -0.1139
  4.5  9250  I   0.6843  -0.5319   0.5749  -0.2241
  4.5  9250  J   0.6247  -0.5683   0.5286  -0.1930
  4.5  9250  H   0.6097  -0.7248   0.6893  -0.2522
  4.5  9250  K   0.5537  -0.6929   0.6582  -0.2367
  5.0  9250  U   0.9640  -0.9282   1.0535  -0.3796
  5.0  9250  B   0.4701   0.5973  -0.3727   0.0638
  5.0  9250  V   0.5327   0.2368  -0.0459  -0.0407
  5.0  9250  R   0.6245  -0.1622   0.2651  -0.1308
  5.0  9250  I   0.6714  -0.5031   0.5554  -0.2195
  5.0  9250  J   0.6082  -0.5248   0.4830  -0.1767
  5.0  9250  H   0.5899  -0.6729   0.6350  -0.2319
  5.0  9250  K   0.5365  -0.6451   0.6078  -0.2184
  2.0  9500  U   0.3753   0.4572  -0.1919   0.0515
  2.0  9500  B  -0.1556   2.0241  -1.7926   0.5970
  2.0  9500  V   0.2622   1.0101  -0.9244   0.3086
  2.0  9500  R   0.5795   0.1130  -0.0741   0.0100
  2.0  9500  I   0.8904  -0.7892   0.7748  -0.2881
  2.0  9500  J   1.1306  -1.5370   1.4617  -0.5277
  2.0  9500  H   1.2650  -2.0002   1.9201  -0.6940
  2.0  9500  K   1.2391  -2.1377   2.0852  -0.7556
  2.5  9500  U   0.5295   0.1634   0.0320  -0.0199
  2.5  9500  B  -0.0044   1.8462  -1.7157   0.5833
  2.5  9500  V   0.3834   0.7497  -0.6906   0.2268
  2.5  9500  R   0.6273  -0.0468   0.0892  -0.0503
  2.5  9500  I   0.8525  -0.8104   0.8225  -0.3096
  2.5  9500  J   0.9629  -1.2691   1.2244  -0.4457
  2.5  9500  H   1.0309  -1.5952   1.5526  -0.5663
  2.5  9500  K   0.9612  -1.5943   1.5684  -0.5715
  3.0  9500  U   0.6958  -0.2362   0.4045  -0.1507
  3.0  9500  B   0.1919   1.4323  -1.3277   0.4437
  3.0  9500  V   0.4748   0.5250  -0.4695   0.1466
  3.0  9500  R   0.6417  -0.1130   0.1548  -0.0735
  3.0  9500  I   0.7865  -0.7143   0.7331  -0.2769
  3.0  9500  J   0.8121  -0.9712   0.9302  -0.3377
  3.0  9500  H   0.8389  -1.2138   1.1797  -0.4309
  3.0  9500  K   0.7666  -1.1809   1.1571  -0.4210
  3.5  9500  U   0.8237  -0.5727   0.7276  -0.2653
  3.5  9500  B   0.3403   1.0750  -0.9688   0.3111
  3.5  9500  V   0.5247   0.3910  -0.3309   0.0947
  3.5  9500  R   0.6400  -0.1287   0.1682  -0.0779
  3.5  9500  I   0.7335  -0.6249   0.6474  -0.2457
  3.5  9500  J   0.7102  -0.7610   0.7195  -0.2604
  3.5  9500  H   0.7137  -0.9573   0.9249  -0.3379
  3.5  9500  K   0.6518  -0.9343   0.9124  -0.3325
  4.0  9500  U   0.9031  -0.7858   0.9215  -0.3313
  4.0  9500  B   0.4276   0.8385  -0.7203   0.2167
  4.0  9500  V   0.5445   0.3190  -0.2411   0.0564
  4.0  9500  R   0.6362  -0.1423   0.1912  -0.0899
  4.0  9500  I   0.6990  -0.5657   0.5934  -0.2269
  4.0  9500  J   0.6517  -0.6424   0.6029  -0.2188
  4.0  9500  H   0.6419  -0.8115   0.7804  -0.2857
  4.0  9500  K   0.5862  -0.7895   0.7649  -0.2779
  4.5  9500  U   0.9483  -0.9098   1.0307  -0.3685
  4.5  9500  B   0.4708   0.6951  -0.5603   0.1533
  4.5  9500  V   0.5466   0.2812  -0.1776   0.0264
  4.5  9500  R   0.6316  -0.1536   0.2151  -0.1025
  4.5  9500  I   0.6804  -0.5373   0.5742  -0.2224
  4.5  9500  J   0.6203  -0.5784   0.5395  -0.1964
  4.5  9500  H   0.6038  -0.7343   0.7043  -0.2583
  4.5  9500  K   0.5514  -0.7086   0.6798  -0.2459
  5.0  9500  U   0.9658  -0.9629   1.0816  -0.3879
  5.0  9500  B   0.4954   0.5857  -0.4284   0.0986
  5.0  9500  V   0.5434   0.2460  -0.1083  -0.0065
  5.0  9500  R   0.6282  -0.1675   0.2441  -0.1171
  5.0  9500  I   0.6684  -0.5128   0.5574  -0.2185
  5.0  9500  J   0.6048  -0.5432   0.5034  -0.1839
  5.0  9500  H   0.5830  -0.6857   0.6542  -0.2396
  5.0  9500  K   0.5330  -0.6602   0.6267  -0.2255
  2.0  9750  U   0.3717   0.4570  -0.1852   0.0438
  2.0  9750  B  -0.1313   1.9391  -1.7088   0.5660
  2.0  9750  V   0.2777   0.9691  -0.8949   0.2994
  2.0  9750  R   0.5946   0.0883  -0.0651   0.0087
  2.0  9750  I   0.9103  -0.8168   0.7882  -0.2916
  2.0  9750  J   1.1649  -1.5982   1.5113  -0.5441
  2.0  9750  H   1.3050  -2.0734   1.9824  -0.7149
  2.0  9750  K   1.2916  -2.2471   2.1898  -0.7935
  2.5  9750  U   0.5103   0.2102  -0.0184  -0.0034
  2.5  9750  B   0.0000   1.8326  -1.7237   0.5900
  2.5  9750  V   0.3887   0.7435  -0.7056   0.2360
  2.5  9750  R   0.6348  -0.0562   0.0834  -0.0463
  2.5  9750  I   0.8690  -0.8433   0.8489  -0.3193
  2.5  9750  J   0.9926  -1.3400   1.2959  -0.4728
  2.5  9750  H   1.0645  -1.6754   1.6346  -0.5969
  2.5  9750  K   1.0000  -1.6895   1.6664  -0.6081
  3.0  9750  U   0.6702  -0.1708   0.3334  -0.1260
  3.0  9750  B   0.1916   1.4510  -1.3849   0.4726
  3.0  9750  V   0.4786   0.5253  -0.4933   0.1593
  3.0  9750  R   0.6458  -0.1206   0.1517  -0.0717
  3.0  9750  I   0.7959  -0.7410   0.7587  -0.2871
  3.0  9750  J   0.8299  -1.0253   0.9906  -0.3620
  3.0  9750  H   0.8578  -1.2686   1.2401  -0.4543
  3.0  9750  K   0.7885  -1.2452   1.2274  -0.4480
  3.5  9750  U   0.7994  -0.5169   0.6716  -0.2470
  3.5  9750  B   0.3501   1.0708  -1.0005   0.3292
  3.5  9750  V   0.5345   0.3740  -0.3358   0.1003
  3.5  9750  R   0.6459  -0.1473   0.1793  -0.0813
  3.5  9750  I   0.7385  -0.6460   0.6679  -0.2537
  3.5  9750  J   0.7183  -0.7943   0.7570  -0.2752
  3.5  9750  H   0.7202  -0.9842   0.9552  -0.3495
  3.5  9750  K   0.6581  -0.9595   0.9385  -0.3415
  4.0  9750  U   0.8851  -0.7558   0.8964  -0.3245
  4.0  9750  B   0.4480   0.8133  -0.7347   0.2299
  4.0  9750  V   0.5576   0.3015  -0.2548   0.0682
  4.0  9750  R   0.6405  -0.1516   0.1850  -0.0842
  4.0  9750  I   0.6985  -0.5721   0.5950  -0.2266
  4.0  9750  J   0.6529  -0.6585   0.6200  -0.2251
  4.0  9750  H   0.6402  -0.8195   0.7905  -0.2894
  4.0  9750  K   0.5865  -0.8018   0.7788  -0.2830
  4.5  9750  U   0.9356  -0.8986   1.0222  -0.3662
  4.5  9750  B   0.4985   0.6578  -0.5683   0.1660
  4.5  9750  V   0.5633   0.2602  -0.1922   0.0393
  4.5  9750  R   0.6362  -0.1617   0.2050  -0.0950
  4.5  9750  I   0.6754  -0.5315   0.5603  -0.2156
  4.5  9750  J   0.6172  -0.5847   0.5451  -0.1978
  4.5  9750  H   0.5988  -0.7390   0.7133  -0.2624
  4.5  9750  K   0.5490  -0.7171   0.6906  -0.2500
  5.0  9750  U   0.9593  -0.9738   1.0928  -0.3916
  5.0  9750  B   0.5220   0.5567  -0.4506   0.1178
  5.0  9750  V   0.5587   0.2352  -0.1378   0.0120
  5.0  9750  R   0.6321  -0.1731   0.2297  -0.1081
  5.0  9750  I   0.6641  -0.5145   0.5534  -0.2158
  5.0  9750  J   0.6006  -0.5522   0.5134  -0.1871
  5.0  9750  H   0.5773  -0.6946   0.6689  -0.2458
  5.0  9750  K   0.5307  -0.6726   0.6428  -0.2320
  2.0 10000  U   0.3741   0.4510  -0.1798   0.0380
  2.0 10000  B  -0.1021   1.8462  -1.6179   0.5327
  2.0 10000  V   0.2982   0.9171  -0.8554   0.2873
  2.0 10000  R   0.6143   0.0525  -0.0475   0.0058
  2.0 10000  I   0.9338  -0.8531   0.8062  -0.2949
  2.0 10000  J   1.1991  -1.6588   1.5561  -0.5570
  2.0 10000  H   1.3461  -2.1512   2.0489  -0.7371
  2.0 10000  K   1.3407  -2.3465   2.2802  -0.8250
  2.5 10000  U   0.4996   0.2369  -0.0482   0.0049
  2.5 10000  B   0.0094   1.8010  -1.7074   0.5867
  2.5 10000  V   0.4001   0.7174  -0.6965   0.2357
  2.5 10000  R   0.6507  -0.0899   0.1047  -0.0526
  2.5 10000  I   0.8894  -0.8840   0.8803  -0.3300
  2.5 10000  J   1.0243  -1.4137   1.3674  -0.4990
  2.5 10000  H   1.0997  -1.7565   1.7144  -0.6261
  2.5 10000  K   1.0383  -1.7809   1.7581  -0.6417
  3.0 10000  U   0.6522  -0.1233   0.2810  -0.1090
  3.0 10000  B   0.1945   1.4493  -1.4078   0.4848
  3.0 10000  V   0.4848   0.5125  -0.4967   0.1627
  3.0 10000  R   0.6535  -0.1397   0.1623  -0.0750
  3.0 10000  I   0.8085  -0.7740   0.7900  -0.2995
  3.0 10000  J   0.8492  -1.0798   1.0482  -0.3842
  3.0 10000  H   0.8789  -1.3262   1.3020  -0.4782
  3.0 10000  K   0.8111  -1.3072   1.2931  -0.4728
  3.5 10000  U   0.7789  -0.4643   0.6149  -0.2281
  3.5 10000  B   0.3567   1.0732  -1.0376   0.3493
  3.5 10000  V   0.5401   0.3662  -0.3483   0.1082
  3.5 10000  R   0.6474  -0.1512   0.1724  -0.0771
  3.5 10000  I   0.7409  -0.6565   0.6755  -0.2564
  3.5 10000  J   0.7268  -0.8276   0.7944  -0.2898
  3.5 10000  H   0.7288  -1.0165   0.9928  -0.3644
  3.5 10000  K   0.6674  -0.9919   0.9726  -0.3537
  4.0 10000  U   0.8663  -0.7164   0.8589  -0.3133
  4.0 10000  B   0.4651   0.7881  -0.7422   0.2393
  4.0 10000  V   0.5712   0.2721  -0.2456   0.0690
  4.0 10000  R   0.6449  -0.1651   0.1876  -0.0829
  4.0 10000  I   0.6977  -0.5772   0.5975  -0.2278
  4.0 10000  J   0.6540  -0.6732   0.6358  -0.2308
  4.0 10000  H   0.6408  -0.8340   0.8099  -0.2976
  4.0 10000  K   0.5877  -0.8138   0.7906  -0.2866
  4.5 10000  U   0.9202  -0.8780   1.0094  -0.3646
  4.5 10000  B   0.5233   0.6167  -0.5610   0.1703
  4.5 10000  V   0.5782   0.2372  -0.1992   0.0489
  4.5 10000  R   0.6408  -0.1722   0.2000  -0.0893
  4.5 10000  I   0.6735  -0.5351   0.5600  -0.2149
  4.5 10000  J   0.6153  -0.5923   0.5525  -0.2000
  4.5 10000  H   0.5958  -0.7449   0.7219  -0.2656
  4.5 10000  K   0.5481  -0.7265   0.7024  -0.2547
  5.0 10000  U   0.9512  -0.9778   1.1034  -0.3974
  5.0 10000  B   0.5495   0.5145  -0.4478   0.1253
  5.0 10000  V   0.5731   0.2234  -0.1646   0.0305
  5.0 10000  R   0.6361  -0.1779   0.2146  -0.0978
  5.0 10000  I   0.6619  -0.5180   0.5511  -0.2137
  5.0 10000  J   0.5982  -0.5610   0.5228  -0.1903
  5.0 10000  H   0.5740  -0.7037   0.6822  -0.2512
  5.0 10000  K   0.5289  -0.6823   0.6554  -0.2369

